2003,1,6,17.5,-.5,7.5,95.4,24.9,64,.5,12.48,0,13.2,5.9,9.2,11.9,11.5,11.7,1,0,253,79,3.3,1,1.9,1.5,.61,-.1
2003,2,6,21.9,.4,10.5,81.9,14.1,44.9,.88,12.68,0,12.5,5.5,8.7,12.9,11.4,11.6,2,1.4,11,42,7,2.6,2.9,2.7,.51,-2.5
2003,3,6,24,1,11.2,83,13.8,51.1,.88,12.77,0,17.3,5.8,11.1,12,11,11.6,1.1,.1,1,77,4.1,3.5,2.5,2,.61,-.2
2003,4,6,24.9,3.1,12.7,86.9,22.2,53.3,.88,12.47,0,16.1,9,12.6,12.7,12,12.4,1.1,.8,181,46,3,4,2.3,2.1,.72,2.3
2003,5,6,24.6,2.8,12.1,91.4,23.1,59.3,.76,12.19,0,15.6,8.4,11.7,12.8,12.3,12.6,1,.2,205,73,3.7,3.9,2.1,1.9,.77,3.2
2003,6,6,18.2,5.7,11.6,76.1,32.8,53.1,.68,6.8,0,13,8.3,10.5,12.8,12.4,12.6,1.9,.7,168,65,8.2,1.6,1.4,2,.72,2.1
2003,7,6,23.4,13.4,18.6,53.3,31.2,41.2,1.29,11.08,0,15,9.7,11.9,12.7,12.3,12.5,5.8,5.7,77,13,12.3,5.6,4.8,5,.88,5.1
2003,8,6,19.3,11.1,15.1,100,41.3,82,.35,5.1,11,15.4,12.5,13.5,13.2,12.6,13,2.6,.9,11,66,8.8,2.7,.9,1.5,1.38,11.5
2003,9,6,19,7.6,11.3,100,66,95.9,.08,9.15,0,16.6,10.9,13.1,13.4,13.1,13.3,.9,.1,329,78,2.5,2.1,.9,1.2,1.28,10.5
2003,10,6,19.2,4,11.2,100,46.9,85.2,.28,11.83,0,16.3,9.3,12.4,13.6,13.1,13.4,1,.3,227,69,3.8,1.8,1.6,1.3,1.11,8.4
2003,11,6,19.6,6.1,12.1,99.7,45.2,80.8,.35,12.37,0,16.8,9.9,12.7,13.5,13.2,13.4,1.3,.6,223,59,3.9,2.2,1.8,1.6,1.11,8.4
2003,12,6,20.3,4,11,100,37.9,78.7,.39,12.68,0,16.3,9.1,12.3,13.6,13.2,13.4,1.1,.3,296,68,3,2.3,1.9,1.6,1,6.9
2003,13,6,21.9,2.8,11.3,99.7,26.2,72.7,.52,13.19,0,16.2,8.6,12.1,13.6,13.1,13.4,1,.4,188,63,3,2.8,2,1.7,.91,5.5
2003,14,6,23,3.2,12,96.5,26.8,67.8,.64,13.19,0,16.5,8.6,12.2,13.6,13,13.3,1.2,.5,182,61,3,3.4,2.2,2,.88,5.1
2003,15,6,21.8,2.4,11.7,97.7,31.4,68.4,.59,12.49,0,16.2,8.7,12.2,13.6,13.1,13.4,1,.3,187,68,3,2.8,2,1.7,.88,5.1
2003,16,6,25.4,3,11.9,97.3,14.5,63.6,.75,13.04,0,16.4,8.2,12,13.6,13,13.3,1.1,.1,247,77,3.7,4.3,2.3,2.1,.79,3.5
2003,17,6,24.3,3.6,12.8,83.6,14.1,52.9,.92,13.66,0,16.8,8.5,12.2,13.6,13,13.3,1.2,.2,220,75,4,3.9,2.8,2.3,.69,1.5
2003,18,6,24.7,4.2,12.6,85,15.1,52.6,.92,13.71,0,17.1,8.7,12.5,13.6,13,13.3,1.2,.4,183,66,3.8,4.1,2.7,2.3,.68,1.4
2003,19,6,23.1,2.2,11.9,90.4,20.9,57,.77,12.59,0,16.8,8.6,12.4,13.7,13.1,13.4,1,.1,166,78,3.4,3.2,2.3,1.9,.73,2.5
2003,20,6,19.8,6.3,11.7,95.7,35.7,70.5,.46,6.83,2,14.6,10.2,12.1,13.7,13.2,13.5,1.3,.4,353,66,5.2,2.3,1,1.6,.96,6.2
2003,21,6,20,4.2,11.5,100,47.4,82.3,.32,12.1,0,16.6,8.9,12.4,13.5,13,13.3,1,.5,152,56,3.7,2.2,1.6,1.5,1.09,8.2
2003,22,6,21.7,4,11.9,99.3,34,76,.47,13.76,0,17.7,9.2,13,13.6,13.2,13.4,.9,.1,188,76,3,2.8,2.1,1.7,1.01,7
2003,23,6,24.8,4,13.4,97.1,22.6,65.4,.75,11.77,0,17.1,9.6,13.2,13.9,13.2,13.6,1.1,.1,319,77,3.6,4.2,2.1,2,.91,5.5
2003,24,6,25.2,6.9,14.9,89.2,21.3,57,.93,13.99,0,18,10.6,14,14.1,13.7,13.9,1.2,.6,203,55,3.7,4.8,2.8,2.4,.89,5.2
2003,25,6,24.1,4.9,13.7,83.8,21.4,56.1,.86,14.27,0,17.4,10,13.4,14.3,13.8,14.1,1.3,.4,197,68,4.7,4,2.8,2.4,.82,4
2003,26,6,25.9,3.7,14.4,89,18.1,51.8,1.03,14.82,0,17.8,9.5,13.2,14.4,13.7,14.1,1.3,.2,29,73,3.8,4.6,3,2.6,.76,3
2003,27,6,27.4,3.3,13.7,85.8,16.5,52.8,1.01,14.98,0,18.1,9.2,13.3,14.4,13.7,14.1,1.1,.6,176,51,3.3,5.3,2.9,2.5,.74,2.7
2003,28,6,24.2,1.9,12.8,86,18.9,52.7,.89,14.69,0,18.1,9.3,13.3,14.4,13.8,14.1,.9,.2,160,74,3,3.7,2.7,2.1,.72,2.2
2003,29,6,25.4,4,14.1,85.6,16.5,50,1.03,14.8,0,18.5,10.6,14,14.5,13.9,14.2,1.3,.1,285,77,4,4.4,3,2.6,.72,2.2
2003,30,6,25.9,2.5,12.9,87.3,15.6,51.5,.96,14.95,0,19,9.6,14,14.6,13.7,14.2,1.2,.4,197,63,3.7,4.5,2.9,2.6,.68,1.4
2003,31,6,28.7,3.2,14.6,85.8,14,49.2,1.16,15.13,0,18.3,10.3,14.1,14.9,14.3,14.6,1.2,.2,221,72,3.7,5.9,3.2,2.8,.71,2.1
2003,32,6,28.7,4.2,15,81.5,15.3,49.3,1.14,15.02,0,19,10,14.2,15,14.3,14.7,1.1,.6,167,54,3.9,5.9,3,2.8,.75,2.9
2003,33,6,21.2,8.2,14.9,61.9,13.5,31,1.24,14.99,0,16.2,10.9,13.2,15.1,14.5,14.8,3.7,2.3,267,49,11.8,3.1,4.9,4.4,.5,-3.4
2003,34,6,18.8,3.5,10.8,65.5,16.2,33.8,.94,15.87,0,17,8.2,12,14.7,13.9,14.3,1.6,.9,321,53,4.8,1.7,3.3,2.6,.41,-5.4
2003,35,6,19.4,.6,8.9,74.1,16.1,45.6,.74,13.08,0,15.5,7.6,11.3,14.2,13.6,13.9,1,.4,174,64,2.6,1.7,2.3,2,.48,-3.4
2003,36,6,18.4,.4,10.1,78.2,14.6,38.1,.9,15.83,0,16.2,8.2,11.9,13.9,13.4,13.7,2.6,1.8,250,43,9.2,1.4,3.9,3.2,.41,-5.6
2003,37,6,16.5,-2.1,6.9,72.3,15.9,39.6,.71,16.46,0,16.1,6.4,10.8,13.7,13,13.4,1.2,.6,172,56,3.7,.7,2.9,2.1,.36,-7.1
2003,38,6,17.5,-1.5,7.6,75.9,14.5,42.4,.75,14.15,0,15,6.5,10.5,13.3,12.8,13.1,1.1,.1,261,77,3.2,1,2.4,2,.4,-5.9
2003,39,6,18,2.2,10.6,81.4,16.1,44.9,.78,14.07,0,16.9,9.1,12.1,13.2,12.8,13,1.6,.5,256,68,7.7,1.3,2.9,2.4,.54,-1.8
2003,40,6,18,-1.2,7.4,84.3,13.1,46.3,.69,16.3,0,16.5,6.9,11.2,13.3,12.8,13,1.2,.4,218,66,5.7,1.2,2.9,2.2,.42,-5.1
2003,41,6,18.6,-1.8,7.6,75.4,18.8,46.4,.69,11.72,0,14.2,6.3,10.1,13.1,12.5,12.8,1,.2,214,73,4,1.4,1.9,2,.45,-4.3
2003,42,6,21.4,6.8,13.4,70,18,43.7,.97,8.79,0,15.7,9.6,12.3,13,12.6,12.8,.9,.1,70,77,3.7,3,1.6,2,.63,.4
2003,43,6,17.8,9.1,13.4,99.2,32.8,73.2,.4,3.68,1,13.8,11.1,12.7,13.3,12.9,13.1,1.8,.7,74,64,7.5,1.7,.3,1.3,1.15,8.1
2003,44,6,19.5,13,14.8,100,75,95.4,.09,4.27,16,15.8,13,14.2,13.7,13.2,13.4,1.9,1.2,136,49,5.3,3.5,.1,1.2,1.61,14
2003,45,6,18.4,11.4,14,100,73.2,93.3,.12,11.27,3,18.2,12.8,15,14.2,13.7,13.9,1.7,.5,144,68,4.6,2.4,1.3,1.6,1.49,12.9
2003,46,6,21.3,9.9,14.3,100,53.5,87.1,.27,15.23,0,19.7,12,15.4,14.6,14,14.2,1.3,.9,160,49,4.2,3.5,2.3,2.2,1.4,11.9
2003,47,6,21.1,6.4,13.6,100,52.1,86.3,.3,13.92,0,19.1,11.4,14.9,14.8,14.4,14.6,.8,.2,359,72,3.6,2.9,2,1.9,1.32,11
2003,48,6,23.1,8.5,15,100,39.9,80.6,.46,13.78,0,19.7,11.8,15.3,15,14.4,14.8,1,.3,154,68,2.9,4.1,2.2,2.2,1.33,11.1
2003,49,6,22.2,9.7,15.9,96.1,24.9,69.5,.66,12.23,0,18.1,13.8,15.7,15.4,14.9,15.2,2,1.4,224,44,6.8,3.8,2.5,2.5,1.18,9.1
2003,50,6,22.6,5,13.4,99.6,24.6,68.1,.67,17.89,0,19.9,10.6,14.8,15.4,14.7,15.1,.9,.3,161,68,3.8,3.4,3.2,2.5,.96,6.4
2003,51,6,20,8.6,12.7,85.3,27.5,62.3,.62,10.79,0,17,11.6,13.8,15.4,14.9,15.1,2.7,1.3,238,58,8.1,2.6,2.2,2.9,.88,5.2
2003,52,6,21.7,2.9,12.1,98.8,26,66.1,.64,18.43,0,19.4,9.6,14,15.1,14.4,14.8,1.8,.8,188,59,5.5,2.7,3.4,2.9,.87,4.8
2003,53,6,23.3,2.9,12.9,93.9,16.8,55.3,.88,18.75,0,19.6,9.7,14.3,15.1,14.5,14.8,1.8,.8,236,60,7.9,3.5,4,3.3,.73,2.4
2003,54,6,22.4,4.1,13.5,86.4,20.6,55.8,.83,16.01,0,19.2,10.4,14.6,15.1,14.5,14.9,1.2,.4,161,66,3.8,3.2,3,2.7,.81,3.9
2003,55,6,21.8,8.5,15.4,78.5,33.4,55.6,.86,15.44,0,19.5,12.5,15.7,15.4,14.9,15.1,2.8,2.4,194,31,9.4,3.4,3.7,3.4,.94,6
2003,56,6,19.8,8.9,13.4,98.9,39.5,75.9,.41,7.58,4,16.5,13.1,14.7,15.4,15.1,15.3,3.5,2.2,179,49,13,2.6,1.5,2.4,1.15,9
2003,57,6,17.3,7.2,11.2,99.5,46.3,82.8,.28,13.61,3,16.8,11.3,13.4,15.3,14.7,15,2.5,.8,257,67,9.6,1.4,2.2,2.2,1.08,8.1
2003,58,6,17,8,11.6,97.4,43.6,77.5,.34,13.99,3,15.3,10.8,12.8,14.9,14.5,14.7,3.5,2.4,198,46,12.1,1.3,2.5,2.5,1.03,7.4
2003,59,6,15.8,6,10.3,97.9,44.3,78.2,.32,12.6,0,15,10,12.2,14.6,14.2,14.4,2.7,1.4,213,56,8.6,.7,2,2.2,.95,6.2
2003,60,6,17.1,3.4,9.9,100,35.1,77.1,.37,14.14,0,16.8,8.7,12.4,14.3,13.8,14.1,1.4,.1,251,77,6.3,1.1,2.2,2.1,.9,5.4
2003,61,6,16.9,4.2,10.6,100,28.2,73.3,.42,17.34,0,18.4,9.8,13.7,14.4,14,14.2,1.6,.9,324,55,6.1,1,2.8,2.4,.89,5.2
2003,62,6,17.5,2.1,10.5,98.1,36.1,69.2,.5,15.96,0,18.1,9,13.4,14.5,14,14.3,1.3,.6,161,59,4.6,1.2,2.5,2.2,.84,4.3
2003,63,6,17.8,5.1,11.7,94.7,33.8,64.6,.57,16.67,0,18.6,10.7,14.5,14.7,14.3,14.5,2.1,1.2,200,51,6.9,1.4,3,2.7,.84,4.3
2003,64,6,18.8,7.2,12.4,86.9,34,65.3,.56,16.08,0,20,12.1,15.2,14.9,14.5,14.7,1.2,.2,116,74,5.4,2,2.7,2.5,.91,5.6
2003,65,6,20.9,2.6,11.9,97.3,24.4,64.1,.66,20.52,0,21.7,10.3,15.4,15.2,14.5,14.9,1.1,.3,138,68,3.8,2.4,3.6,2.8,.82,4.1
2003,66,6,24.1,2.7,13.4,94.9,18.2,57,.9,20.76,0,22.5,10.8,16.1,15.5,14.8,15.1,1.2,.3,1,68,4.2,3.7,4.1,3.3,.79,3.5
2003,67,6,25.6,5.5,14.8,86.1,18.6,53.8,1.03,21.07,0,23.4,11.9,17.1,15.9,15.2,15.5,1.2,.2,240,73,5.8,4.7,4.3,3.5,.81,3.9
2003,68,6,27.6,4.1,15.4,91.4,13.6,52.8,1.13,21.39,0,24,12.1,17.6,16.2,15.5,15.9,1.2,.3,277,71,4,5.4,4.5,3.7,.81,3.8
2003,69,6,28.4,6.4,16.3,82.6,15.2,50,1.22,21.24,0,24.6,13,18.3,16.6,15.9,16.2,1.5,.2,262,76,4.8,6.1,4.7,4.1,.83,4.2
2003,70,6,28.6,5.3,16.7,83.3,14.8,48.7,1.28,21.13,0,25.1,13.2,18.7,16.9,16.2,16.6,1.1,.2,86,74,3.2,6,4.5,3.8,.82,4.1
2003,71,6,28.9,6.6,17.2,82.4,13.6,47.2,1.36,19.68,0,24.8,13.9,18.9,17.3,16.5,16.9,1,.2,2,70,3.3,6.4,4.2,3.6,.81,3.8
2003,72,6,29.9,6.1,17.9,83.7,14.7,47.7,1.38,17.98,0,24.3,14.2,19,17.5,16.8,17.1,1.2,.4,327,67,4.1,6.8,4.1,3.8,.87,5
2003,73,6,27.6,10.1,18.3,72.8,11.7,43.1,1.41,16.09,0,23.6,15.3,19.2,17.6,17,17.4,1.3,.3,154,72,3.4,6.5,3.6,3.6,.82,4.1
2003,74,6,26.1,8.4,17.1,78.4,18.7,48.2,1.2,12.89,0,21.8,14.6,18.2,17.7,17.1,17.4,1.6,.7,325,60,6.4,5.4,3,3.4,.87,5
2003,75,6,19.1,11.4,15,97.9,51.2,81.1,.34,10.69,4,19.2,15,17.4,17.7,17.3,17.4,2.7,1.4,205,55,14.5,2.7,1.7,2.2,1.37,11.6
2003,76,6,16.9,6.6,11.1,95.7,38.5,70.4,.43,13.57,2,16.2,11.5,13.9,17.4,16.4,16.8,2.8,1.1,270,64,11.5,1.2,2.4,2.6,.91,5.6
2003,77,6,19.1,5.3,13.2,96.2,30.1,57.1,.76,18.66,0,18.9,10.3,14.4,16.4,15.6,16,4.1,3.7,267,25,10.6,1.9,4.5,3.9,.8,3.7
2003,78,6,20.5,6.2,14.1,77.7,25.8,48,.92,20.98,0,22.5,11.4,16.5,16.2,15.6,15.9,2.1,1.2,271,53,6.7,2.6,4.6,3.7,.73,2.4
2003,79,6,24,4.3,14.9,90,21.3,51,1.03,21.65,0,24.4,12.4,17.9,16.7,16,16.3,1.4,.2,213,75,5.4,3.9,4.5,3.7,.79,3.5
2003,80,6,23.6,10.8,17.4,69.4,25.3,39.9,1.27,22.52,0,25.1,14.4,19.2,17.2,16.5,16.8,2.5,1.7,289,45,7.2,4.8,5.5,4.8,.76,3
2003,81,6,26.8,6,16.7,86.1,13.1,47.4,1.26,23.21,0,26.4,14.1,19.8,17.6,16.9,17.3,1.3,.2,350,75,4.4,5.4,5.1,4.1,.79,3.5
2003,82,6,28.9,6.4,17.2,82.8,14.4,46.2,1.37,23.54,0,27.2,14.6,20.4,18,17.3,17.7,1.2,.3,351,70,3.7,6.4,5.2,4.3,.79,3.5
2003,83,6,28.3,7.9,18.9,72.5,12.3,37.6,1.66,22.69,0,27,15.6,20.9,18.5,17.8,18.1,2.2,1.3,238,51,8.3,6.3,6.1,5.3,.7,1.8
2003,84,6,28.7,9.9,19.5,77.4,12.9,40.7,1.59,23.65,0,26.1,16.4,20.5,19.5,18.3,18.7,1.6,.8,329,55,6.1,6.9,5.8,4.7,.82,4
2003,85,6,30.5,8,19.5,74.9,12.4,39.8,1.7,23.32,0,24.5,14.8,19.3,19.7,18.8,19.3,1.6,.4,221,69,7.5,7.5,5.7,5,.79,3.5
2003,86,6,27.2,12.8,20.6,55.5,8.8,27.7,1.86,20.89,0,22.6,15,18.4,19.4,18.5,18.9,4,3,284,41,11.3,7.2,7.1,6.7,.64,-.1
2003,87,6,22.4,8.2,16.1,38.3,10.2,19.4,1.55,25.05,0,23.1,13.2,17.8,18.9,18,18.5,3.9,3.6,350,21,9.9,3.7,7.4,6.3,.34,-8
2003,88,6,23.2,5.5,14.9,66.2,11,32,1.29,25.06,0,23.5,13,17.8,18.5,17.7,18.1,2.8,2.3,50,32,9.8,3.7,6.4,5.3,.5,-3
2003,89,6,27.2,3.3,15.9,76.4,9.6,33.9,1.49,25.37,0,24.2,12.8,18.2,18.4,17.5,18,2.6,1.9,51,43,10.9,5.1,6.8,5.8,.52,-2.4
2003,90,6,32.4,3.8,19,74.3,7.6,31.8,1.97,25.26,0,26.5,13.5,19.5,18.4,17.6,18,1.4,.5,22,66,5.3,7.3,6.4,5.3,.55,-1.5
2003,91,6,33.5,10.3,21.5,43.3,6.4,22.5,2.34,25.18,0,26.5,15.3,20.6,18.7,18,18.4,3.3,2.7,187,32,10,8.8,8.3,7.9,.5,-2.8
2003,92,6,26.4,10.1,19,57.1,8.9,28.4,1.7,20.28,0,24.5,16.5,19.9,18.9,18.3,18.7,3.5,2.4,211,44,12.3,6,6.4,6.2,.57,-1.1
2003,93,6,21.5,8.4,15.3,65.1,15.5,33.3,1.25,25.66,0,23.9,14.9,19,18.9,18.2,18.5,3.2,2.7,258,33,9.9,3.2,6.7,5.4,.54,-1.9
2003,94,6,23.2,4.4,14.9,65.9,16,31.9,1.32,25.51,0,25.1,13.5,18.9,18.6,17.8,18.3,1.6,1.1,184,45,6.5,3.6,5.7,4.5,.49,-3
2003,95,6,20.2,6.6,14.2,64.1,17.9,34.7,1.12,25.21,0,23.5,14.5,18.6,18.6,18,18.3,3,2.6,257,29,10.7,2.5,6.2,5,.55,-1.8
2003,96,6,22.2,3.4,13.1,65.4,8.6,32.6,1.21,25.7,0,24.6,12.7,18.2,18.4,17.6,18,1.6,.4,211,69,6.2,3,5.6,4.5,.42,-5.4
2003,97,6,25.8,2.7,15.2,70.4,9.6,30.3,1.47,26.08,0,25.3,13.1,18.9,18.4,17.6,18,1.4,.6,351,62,6.9,4.5,6,4.7,.44,-4.6
2003,98,6,31,5.5,20.1,54.2,8.2,23.1,2.16,26.5,0,25.9,14.4,19.9,18.6,17.9,18.2,3.7,3.3,60,29,12.6,7.2,8.8,8,.45,-4.1
2003,99,6,33.9,14.4,24,43.7,5.5,17.6,2.68,25.62,0,27.6,17.3,21.9,19.1,18.4,18.6,4.3,3,74,44,11,10.6,9.3,9.4,.48,-3.3
2003,100,6,33,8.8,21.1,45.8,4.5,21.2,2.34,24.82,0,27.9,16.4,21.8,19.5,18.7,19.1,1.7,.5,250,67,7,8.3,6.6,5.9,.43,-4.9
2003,101,6,30.4,10.3,20.6,51.6,8.8,23.6,2.09,26.35,0,27.9,16.7,21.9,20,19,19.5,1.9,.9,175,57,5.7,8,6.9,5.9,.52,-2.3
2003,102,6,31.1,10.1,21.5,66.7,11.2,29.3,2.08,24.23,0,25.2,16.2,20.4,20.5,19.8,20.1,1.5,.5,236,66,5.1,8.1,6.2,5.3,.67,1.1
2003,103,6,31,12.8,21.7,64.2,13.2,35.2,1.95,26.39,0,25.2,15.8,20.2,20.4,19.6,20,2.4,1.5,194,48,8.8,9,7,6.5,.82,4
2003,104,6,27.9,13.1,20.7,54.8,15.9,32.5,1.79,18.11,0,23.3,16.4,19.9,20.3,19.6,20,3.8,3.5,192,25,12.4,7.7,6.1,6.5,.75,2.8
2003,105,6,20.6,10,15.2,96,27.2,54.6,.87,27.96,4,23.1,15.3,18.8,20,19.3,19.7,4.4,3.3,248,40,14.5,3.2,6.5,5.4,.89,5.1
2003,106,6,26.9,5.7,16.2,91.7,13.8,48.7,1.25,27.58,0,26.5,13.6,19.6,19.6,18.8,19.2,1.3,.3,359,72,5.8,5.4,5.8,4.8,.76,2.9
2003,107,6,25.4,7.6,17.4,67.8,11.9,35.2,1.46,27,0,25.1,15.2,20,19.8,19,19.4,3.7,2.9,221,39,13.3,5,7.8,6.5,.63,.3
2003,108,6,23.4,7.8,16.6,73.3,22.6,41.3,1.24,27.13,0,25.9,15.2,20.2,19.7,19,19.4,2.7,1.8,249,47,8.8,4.1,6.6,5.4,.73,2.4
2003,109,6,24,7.9,16.6,71.8,18.1,42.5,1.22,27.47,0,27.4,15.7,21.1,19.8,19.1,19.4,1.6,.2,238,76,6.1,4.4,6,4.9,.76,3
2003,110,6,30.7,7.3,19.9,77.4,9.6,34.8,1.87,27.2,0,28.1,16.1,21.9,20.1,19.3,19.7,1.7,.5,170,68,7,7.4,6.9,5.8,.67,1.1
2003,111,6,29,11.6,20.4,53.2,15,32.1,1.82,25.42,0,27.9,17.6,22.6,20.4,19.8,20.1,2.7,2,200,41,8.8,7.8,7,6.5,.71,2.1
2003,112,6,21.1,8.7,15.7,60.4,16.4,34.5,1.23,20.65,0,24,17.4,20.2,20.6,19.8,20.2,3.9,3.4,244,29,10.4,3.2,5.8,5.5,.59,-.8
2003,113,6,23.6,7,15.5,70.3,17.8,38.6,1.2,28.07,0,26.5,14.9,20.3,20.1,19.2,19.6,2.1,1.3,228,51,6.9,4,6.2,5.2,.64,.5
2003,114,6,28,6.2,18,70.8,11.4,34,1.62,27.81,0,28.1,15.7,21.5,20,19.2,19.6,1.5,.6,223,64,6,5.9,6.5,5.4,.62,0
2003,115,6,30.3,10.3,20.7,65.6,14.5,33,1.87,27.46,0,28.1,17.4,22.2,20.8,19.7,20.1,1.9,.8,210,62,6.9,7.9,7,6,.75,2.8
2003,116,6,32.3,11.7,22.9,54.9,12.7,28.7,2.26,27.46,0,25.7,16.2,20.6,21,20.1,20.6,2.2,1.3,202,51,5.9,9,7.4,6.8,.72,2.3
2003,117,6,33.3,13.8,23.9,47.7,10.4,25.1,2.49,27.69,0,27.1,15.7,21.1,20.7,19.9,20.3,2,.7,227,65,7.4,10.2,7.7,6.7,.67,1.3
2003,118,6,32.2,13,22.8,57.6,9,28.1,2.29,27.96,0,29.3,17.2,22.8,20.9,20.2,20.5,2.3,1.2,221,57,8.5,9.5,7.9,7,.68,1.2
2003,119,6,30,12.3,21.8,49.9,6.9,22.4,2.27,28.34,0,28.5,17.7,22.9,21.3,20.6,20.9,3.6,2.6,252,42,10.8,8.4,9,8.1,.51,-3.3
2003,120,6,28.2,10,19.5,44.1,7.2,20,1.99,29.17,0,28.5,17.2,22.5,21.4,20.6,21,2.3,1.1,247,59,8.5,6.8,7.9,6.6,.41,-5.5
2003,121,6,30.2,8.5,20.2,50.2,8.1,22.2,2.1,27.32,0,28.5,16.8,22.5,21.4,20.5,20.9,1.5,.6,193,64,5.9,7.3,6.9,5.8,.47,-3.8
2003,122,6,33.2,9.7,22.4,65.3,6,23.7,2.43,25.93,0,28.4,17.8,23,21.4,20.6,21,1.9,1.1,197,52,7.9,8.7,7.1,6.5,.53,-2.2
2003,123,6,29.8,16.3,23.3,41.8,9.9,20.8,2.37,27.85,0,29.3,19.3,24,21.5,20.9,21.1,3.7,2.4,233,48,9.9,10.3,8.8,8.2,.58,-1.1
2003,124,6,26.5,12.2,20.3,55.4,15.8,31.8,1.73,29.58,0,29,19.2,23.9,21.8,21.1,21.4,3.1,2.7,254,28,9.4,6.6,7.9,6.8,.71,2
2003,125,6,28.5,13.4,21.1,56.5,15.7,33.8,1.81,28.16,0,30.1,18.9,24.1,21.8,21.1,21.5,2.3,1.5,244,47,7.3,8.2,7.2,6.4,.79,3.5
2003,126,6,30.5,12.8,21.7,53.2,12,31.1,2,23.95,0,29.4,19.3,24,22,21.2,21.6,1.9,1,198,55,6.4,8.9,6.1,5.9,.75,2.8
2003,127,6,28.2,12.4,21.1,55.4,13.8,30.6,1.88,29,0,28.9,19.3,23.8,22.1,21.4,21.7,3.9,2.9,254,42,10.6,7.6,8.7,7.7,.72,2.1
2003,128,6,28,11.9,20.5,65.6,13.8,33.8,1.75,29.24,0,29.3,19,23.8,22.1,21.3,21.7,2.8,2.4,253,32,8.5,7.2,7.7,6.8,.75,2.6
2003,129,6,24.7,12.9,18.7,46.5,12.2,26.6,1.67,29.88,0,26.9,18.9,22.4,22,21.4,21.8,3.5,3.3,262,22,10.4,6.1,8.4,7.2,.54,-1.8
2003,130,6,27.4,6.7,17.8,53.1,8.3,26.3,1.74,30.21,0,24.7,14.6,19.5,22,20.8,21.4,1.3,.4,171,69,4.8,5.8,6.9,5.5,.46,-4.1
2003,131,6,32.4,7.6,20.8,59.1,5.6,22.9,2.29,30.31,0,25.5,14.3,19.9,21.2,20.3,20.7,1.3,.2,283,75,4.6,7.9,7.5,6.1,.46,-4.3
2003,132,6,35.4,9.2,23.3,58.8,5,22.4,2.67,27.63,0,29.5,15.8,22.4,21.2,20.4,20.8,1.2,.1,270,78,5.2,9.1,7.2,6,.52,-2.5
2003,133,6,36.6,15.4,26.2,39.4,5.9,18.9,3.1,25.41,0,31,19.3,24.6,21.9,21.1,21.4,1.5,.4,197,68,5.8,11.6,7.1,6.5,.57,-1.3
2003,134,6,35.8,19.9,27.3,39.9,6.8,17.3,3.17,16.52,0,28.5,21.4,24.8,22.2,21.8,22.1,2.4,.7,187,67,12.2,13.5,5.6,6.9,.59,-.6
2003,135,6,31.8,14.6,23.2,52.7,10.3,23.6,2.33,29.9,0,31.3,20.1,25.4,22.6,22,22.3,2.5,1.8,261,40,11,10.2,8.2,7.5,.63,.3
2003,136,6,37.6,13.3,25.8,58.9,8.4,27.4,2.89,29.56,0,33.2,20.3,26.4,23,22.3,22.6,1,0,274,80,4.8,10.9,7.6,6.3,.78,3.4
2003,137,6,39.9,18.1,29.2,51,8.3,21.3,3.65,26.97,0,34,22.2,27.7,23.5,22.9,23.2,1.7,.8,243,61,6.2,13.3,8,7.4,.75,2.7
2003,138,6,37.2,19.9,28.8,42.4,8.4,17.4,3.5,26.65,0,33.9,24.3,28.4,24.1,23.5,23.8,2.8,1.9,236,47,8.1,13.7,9,8.7,.64,.5
2003,139,6,37.7,16.2,26.9,37.9,5,20,3.21,29.77,0,34.5,22.3,28.1,24.4,23.7,24,1.5,.7,160,59,5.5,12.1,8.1,7.1,.62,.2
2003,140,6,39.4,15.8,27.7,55.5,5.9,19.8,3.44,29.07,0,34.8,22.7,28.4,24.7,24,24.3,1.5,0,113,80,5.5,12.1,8.2,7.2,.62,0
2003,141,6,40.7,18.3,30.4,59,9.4,27,3.58,27.49,0,35.3,24.1,29.3,24.9,24.3,24.6,2.2,1.4,57,50,9.1,13.3,8.4,8.3,1.07,7.8
2003,142,6,39.5,21.6,31.1,29.2,7.8,16.5,4.05,25.7,0,35.3,25,29.8,25.3,24.8,25,2.2,1.3,201,51,5.4,14.7,8.1,8.1,.69,1.5
2003,143,6,40,20.5,30.6,39.3,9.3,19,3.87,26.12,0,33.8,25,28.7,26,25,25.4,2.1,1.1,205,55,6.3,14.3,8.2,8,.77,3.2
2003,144,6,39.3,19,29.7,44,6.6,19.1,3.74,29.6,0,29.5,21.5,25.1,26.1,25.2,25.6,2.4,1.5,226,49,8.3,13.6,9.3,8.7,.69,1.5
2003,145,6,37.2,14.4,27.2,52.5,5.7,18.5,3.27,30.12,0,32.3,18.9,25.2,25.3,24.2,24.8,1.8,.7,189,64,6.2,11.2,8.6,7.6,.59,-.5
2003,146,6,39,17.6,29,50,6.6,20.5,3.58,29.47,0,34.3,22,27.8,25.1,24.5,24.8,2,1,226,58,5.9,12.9,8.8,8.1,.71,1.9
2003,147,6,41.5,19.5,31.2,46.5,8,21.3,4.01,28.37,0,35.6,23.9,29.5,25.6,25,25.3,1.5,.7,215,59,4.4,14,8.2,7.4,.86,4.5
2003,148,6,41.5,21.7,32.6,48.2,6.9,23.8,4.1,28.88,0,36,25.8,30.6,26.2,25.6,25.9,2.9,2.5,117,33,9.1,14.8,10,9.7,1.09,8
2003,149,6,41.2,24,33,57.8,13,25.6,4.08,29.3,0,37.2,26.6,31.6,26.7,26.1,26.3,2.7,1.4,122,77,17.6,15.7,9.4,9.3,1.19,9.4
2003,150,6,39,20.3,30.2,72.2,15.9,38.2,3.01,27.38,0,35.3,26.7,30.1,27.2,26.6,26.9,2.7,1.1,186,62,16.2,14.1,8.4,8.3,1.49,12.7
2003,151,6,38.5,22.2,30.9,58,16.5,31.6,3.31,27.58,0,31.8,24.1,27.6,27.3,26.5,26.9,1.3,.3,323,71,5.8,14.8,7.6,6.7,1.31,10.9
2003,152,6,40.8,20.8,32.2,41,8,19,4.22,29.65,0,34.8,22.2,28.1,26.8,26,26.5,2.2,1.2,248,54,6.3,14.5,9.2,8.6,.83,4.2
2003,153,6,41.8,20.8,33,38.9,7.4,16.6,4.6,30.03,0,36.1,24.6,30.2,27,26.4,26.6,3,2.3,241,40,7.6,14.5,10.5,10.1,.73,2.3
2003,154,6,40.5,22.2,31.8,29.1,7.8,16.7,4.22,30.2,0,36.8,25.8,31,27.3,26.8,27,2.6,1.3,241,57,7.3,15,9.8,9.4,.73,2.3
2003,155,6,39.9,18.8,30.3,43.8,7,19.8,3.84,30.36,0,36.5,25.6,30.9,27.6,27,27.3,2.1,1.1,246,56,8.6,13.5,9.4,8.5,.74,2.4
2003,156,6,39.7,18.4,29.9,33.9,6.2,17,3.87,30.76,0,36.3,25.3,30.6,27.7,27,27.3,2.5,1.6,244,49,10.5,13.3,9.8,9.1,.63,.2
2003,157,6,39.3,18.4,30.4,40.2,5.4,16.6,4,30.29,0,35,25.3,29.2,27.7,27,27.4,2.6,1.9,239,42,7.2,13.3,9.9,9.2,.62,0
2003,158,6,40.2,19.8,31.4,35.5,7,16.9,4.14,29.55,0,29.3,21.2,25.2,27.6,26.4,27,2.5,1.6,240,48,7.5,14,9.6,9,.72,2.1
2003,159,6,41.7,21.7,32.6,34.8,7.6,18.7,4.33,29.47,0,35.2,21.4,27.9,26.5,25.7,26.1,2.3,1.1,212,58,7.3,14.8,9.3,8.9,.84,4.5
2003,160,6,39,23,31.4,34.1,4.2,17,4.06,29.91,0,35.5,25.4,30.2,26.9,26.3,26.6,3.1,2.3,216,42,11.5,15.2,10.4,9.9,.71,1.6
2003,161,6,37,16.1,27.9,44.9,8.4,21,3.3,30.87,0,34.7,24.2,29.4,27.3,26.6,26.9,3.1,2.3,201,41,10.9,12,10.2,9.4,.7,1.8
2003,162,6,36.1,17,27,43,10.5,23.6,3.01,30.55,0,35.3,23.7,29.3,27.2,26.5,26.8,2,.9,208,61,6.7,12.2,8.6,7.8,.77,3.2
2003,163,6,37.7,18.1,28.5,47.3,6.6,21.2,3.41,30.28,0,35.6,24.3,29.7,27.2,26.5,26.8,2.3,1.3,200,54,6.2,13,9.2,8.5,.72,2.2
2003,164,6,37.2,18.5,28.1,49.5,7.9,22.4,3.26,31.24,0,34.5,24.8,29.2,27.3,26.6,27,1.9,.8,193,63,5.7,13.1,8.8,8,.77,3.1
2003,165,6,39.8,17.8,29.8,50.1,6.6,18,3.84,31.64,0,30.8,21.2,26,27.5,26.4,27,1.8,.4,188,72,5.5,13.1,9.2,8.2,.67,1.1
2003,166,6,42.1,18.1,31.1,59.6,5.2,18.8,4.22,31.1,0,34.4,20.8,27.3,26.7,25.9,26.3,1.6,.4,246,71,6.1,13.5,9.1,8,.71,1.8
2003,167,6,41.4,20.7,31.3,38.7,7.2,17.3,4.14,30.58,0,36.6,24,29.9,27,26.4,26.6,1.9,.5,231,70,6,14.5,9.2,8.3,.72,2.1
2003,168,6,41.5,17.9,30.8,49.4,5.7,19.6,4.01,30.85,0,37,24.7,30.6,27.4,26.8,27.1,2,.3,346,76,7.2,13.3,9.4,8.7,.78,3.2
2003,169,6,42,21.2,31.9,59,4.5,22.8,4.12,30.59,0,37.4,26.2,31.4,27.8,27.2,27.5,2,.9,199,59,7.6,14.7,9.5,8.7,.91,4.8
2003,170,6,39.9,17.5,30.2,53.2,5.9,17.5,3.92,30.99,0,35.7,25.7,30.6,28.1,27.4,27.7,3.3,2.6,193,38,10.9,13,10.9,10.4,.65,.8
2003,171,6,36.8,19.1,27.5,49,7.5,20.5,3.23,30.95,0,33.6,23.9,28.3,28,27.2,27.5,3.9,3.4,186,29,10.8,13.3,10.9,10.4,.68,1.4
2003,172,6,38.1,15.8,27.5,48.9,8,18.9,3.3,31.33,0,27.2,19.1,23.2,27.5,25.8,26.6,3,2.3,184,39,8.4,12,10.1,9.6,.65,.5
2003,173,6,37.8,16.7,28.3,46.9,9.1,23.4,3.27,31.37,0,33,19.3,25.8,25.9,25,25.4,2.1,.7,220,67,6,12.4,9.1,8.3,.81,3.9
2003,174,6,37.9,16.6,28.2,53.7,8,23.1,3.29,30.6,0,34.1,22.6,28.1,26.1,25.4,25.7,3.1,2.4,199,38,10,12.4,9.9,9.5,.79,3.3
2003,175,6,36.6,16.1,27.4,47.9,9.7,21.6,3.12,30.78,0,34.5,23.2,28.6,26.5,25.9,26.1,2.5,1,259,62,9.6,12,9.3,8.5,.73,2.3
2003,176,6,38.8,17.3,28.2,59.7,8.2,24.9,3.3,30.66,0,35.6,23.7,29.4,26.7,26.1,26.4,1.6,0,113,80,5.4,12.8,8.5,7.5,.84,4.3
2003,177,6,41.7,17.7,30.3,60.9,6.6,21.7,3.9,30.55,0,36.6,24.7,30.4,27.1,26.4,26.8,1.6,.5,194,67,5.8,13.3,8.8,7.8,.8,3.6
2003,178,6,43.3,19.9,32.9,51.9,6.9,20.4,4.54,28.55,0,35.9,26.2,30.2,28.1,26.9,27.3,1.7,.9,236,56,6.8,14.2,8.8,8.1,.88,4.9
2003,179,6,43.4,20.4,33.1,48.8,5.8,19.9,4.62,30.39,0,31.9,23.5,27.5,28.2,27.2,27.7,1.7,.5,228,67,6.8,14.5,9.3,8.3,.83,3.9
2003,180,6,42.4,22.5,33.5,39,10,21.4,4.43,29.06,0,35.6,22.1,28.6,27.4,26.6,27,2.1,.9,236,62,7.8,15.2,9.2,8.7,1.03,7.3
2003,181,6,42.1,23.6,34.1,56.7,10.5,24.6,4.36,29.22,0,37.5,26.5,31.7,28,27.1,27.4,2.7,1.7,234,49,7.2,15.6,9.7,9.5,1.2,9.4
2003,182,6,41.6,24.3,34.3,50.6,11.7,25.8,4.26,29.05,0,38.4,27.6,32.7,28.5,27.9,28.1,2.5,1.2,244,57,6.1,15.8,9.3,9.1,1.3,10.8
2003,183,6,41.6,26.8,35.1,47.3,9.1,22.1,4.61,29.29,0,38.5,28.9,33.4,28.9,28.4,28.6,3.1,2.6,257,32,7.6,16.6,10.2,10.1,1.17,8.9
2003,184,6,42.6,28.7,35.4,37.7,7.5,20.1,4.8,29.19,0,37.9,28.3,32.2,29.5,28.6,29,2.6,1.8,260,43,7.9,17,9.8,9.6,1.09,7.7
2003,185,6,44.3,20.6,34.1,49.5,6.4,18.9,4.85,29.21,0,31.7,23.9,27.8,29.5,28.3,28.9,2,.9,236,60,7.2,14.7,9.4,8.8,.88,4.9
2003,186,6,43.8,22.3,34.4,43.8,6.8,20,4.77,27.81,0,36,23.5,29.5,28.4,27.5,28,2.3,1.4,263,52,6.7,15.2,9.3,9.1,.98,6.4
2003,187,6,43,23.8,33.9,49.8,10.8,25.8,4.31,28.87,0,38.3,26.9,32.3,28.6,28,28.3,2.4,1.2,250,58,6.6,15.6,9.3,9.2,1.25,10.2
2003,188,6,43.1,20.9,33.3,64,9.7,27.3,4.2,29.13,0,39.1,27.6,33.2,29.2,28.5,28.8,2,.9,242,59,6.1,14.6,8.9,8.5,1.24,10
2003,189,6,42.8,22.8,32.9,54.3,8.7,26.3,4.18,29.49,0,39.3,28.4,33.6,29.6,29,29.3,1.6,.1,226,77,6.8,15.3,8.7,7.9,1.14,8.6
2003,190,6,43.8,21,33.9,63.5,7.5,25.6,4.59,29.7,0,38.9,28.1,33.4,29.9,29.1,29.5,2.5,1.6,256,48,8.7,14.7,9.9,9.6,1.11,8.1
2003,191,6,42.5,23.5,34.7,51.5,13.4,25.9,4.4,29.02,0,39.4,29.2,34.1,30,29.4,29.7,2.9,1.9,246,47,7.8,15.6,9.7,9.8,1.33,11.2
2003,192,6,42.1,23.9,34.3,64.5,18.6,35.5,3.82,27.75,0,38.7,29.8,33.2,30.4,29.6,30,2,.9,260,60,7.4,15.7,8.4,8,1.82,16
2003,193,6,43.5,26.8,35.8,58.7,16.1,33.1,4.31,27.57,0,34.2,27.5,30.5,30.5,29.6,30,2.4,1.1,217,58,11.7,16.6,8.9,8.9,1.82,15.9
2003,194,6,45.3,27.5,36.6,57.5,13,29.4,4.76,27.41,0,38.5,27.3,32.5,29.8,29.1,29.5,2.3,.8,208,64,9.1,16.8,9,9,1.66,14.4
2003,195,6,45.8,26.2,37,56.7,10.8,26.3,5.09,26.46,0,39.6,29.6,34.5,30.3,29.6,29.9,2.4,1.2,223,58,13.5,16.4,9,9.2,1.48,12.7
2003,196,6,45.9,26.4,37,56.4,10.8,27.2,4.96,25.28,0,39.9,30.9,35.3,30.9,30,30.4,2.6,1.2,202,60,17,16.5,8.8,9.4,1.58,13.6
2003,197,6,46,25.9,36.9,55.4,7.6,26.1,5.15,27.53,0,40.1,31.1,35.5,31.2,30.4,30.8,2.3,1,208,60,9,16.4,9.2,9.2,1.43,11.9
2003,198,6,39.9,28.5,35.3,55.4,17.7,29.8,4.1,15.95,0,36.3,32.2,34.5,31.4,30.9,31.1,3.1,2.2,165,46,8.8,17,6.2,7.9,1.67,14.6
2003,199,6,37.6,27.2,32.5,66,28.9,43.7,2.85,26.38,0,39.3,31,34.7,31.1,30.6,30.9,3.2,2.7,166,30,8.8,16.6,8.2,8.4,2.09,18.2
2003,200,6,40.7,27.6,34.5,62.8,21.9,36.9,3.6,26.99,0,40.6,31.7,35.7,31.3,30.8,31,2.3,1.4,236,50,6.7,16.8,8.3,8.2,1.95,17
2003,201,6,42.7,27.6,36.3,58.3,18,29.5,4.54,27.46,0,40.3,31.7,35.8,31.6,31,31.3,3.2,2.6,260,35,15.4,16.9,9.8,10,1.69,14.8
2003,202,6,42.2,25.5,33.4,84.4,17.2,46.1,3.26,26.05,2,39.8,30.8,35.2,31.7,31.1,31.4,3.2,.8,187,70,18.5,16.2,8.1,9.2,2.11,18.1
2003,203,6,41.6,24.3,33.4,90.7,20.9,49.3,3.1,27.39,0,40.1,29.8,34.8,31.7,30.9,31.3,2.2,.6,158,69,12.6,15.8,7.7,8,2.27,19.3
2003,204,6,43.2,27.6,35.7,65.5,16.8,36.7,4.03,28.11,0,41.5,31.9,36.5,31.8,31.2,31.5,2.1,.6,192,68,8,16.9,8.7,8.5,2.01,17.5
2003,205,6,40.2,25.1,33.7,86.6,23.1,42,3.24,24.76,1,39.6,31.6,35.5,32.1,31.5,31.8,2.8,1.4,206,58,14.2,16,7.9,8.1,2.11,18.2
2003,206,6,41.3,25.6,34.1,75.3,17.9,40.9,3.52,25.82,0,39.6,30.2,34.1,32,31.4,31.7,2.5,1.2,219,59,15.7,16.2,8.2,8.3,2.01,17.4
2003,207,6,40.9,26.4,34,71,23,41.6,3.38,26.73,0,33.9,27.5,30.6,31.9,30.9,31.3,2.6,1.5,235,53,13.1,16.5,8.4,8.4,2.08,18.1
2003,208,6,40.2,27.6,33.5,67.6,24.7,44,3.08,26.3,0,39,27.7,32.8,30.9,30.2,30.6,2.6,1.7,174,49,12.6,16.7,7.8,8.2,2.2,18.9
2003,209,6,37.2,24.8,29.9,76.9,31.2,54.2,2.1,18.83,0,37.3,29.8,33,31.1,30.7,30.9,2.8,.5,197,74,10.3,15.8,5.6,6.6,2.21,19
2003,210,6,38,22.2,29.2,93.1,27,56.3,2.15,27.1,6,38.7,28.2,32.9,31,30.4,30.7,3,1.5,206,57,15.3,14.7,7.5,8,2.11,18.3
2003,211,6,36,22.6,28.2,98,35.1,68.6,1.45,25.24,0,36.6,27.5,31.5,30.9,30.2,30.6,1.6,.4,148,68,5,14.7,6.1,6,2.49,21
2003,212,6,37.8,23.8,30.3,90.7,27.9,55.7,2.17,21.45,0,38.3,28.2,32.5,30.6,30.1,30.4,1.8,.8,216,59,13,15.4,5.8,6.1,2.27,19.4
2003,213,6,34.9,23.8,29.2,98.4,34.5,62.4,1.69,22.67,0,36,28.8,31.5,30.6,30.2,30.4,2.2,.4,242,72,6.9,15.1,6,6,2.42,20.4
2003,214,6,38.5,23.4,31.1,83,22.7,48.4,2.65,25.06,0,33,26.2,29.5,30.4,29.8,30.1,1.6,.4,221,69,5.8,15.3,6.7,6.6,2.03,17.6
2003,215,6,40.3,24.1,32.5,63.5,16.3,33.4,3.54,27.07,0,37.1,25.3,30.8,29.9,29.4,29.7,1.6,.6,208,66,4.6,15.7,7.8,7.2,1.54,13.4
2003,216,6,41.6,22.3,32.6,59,12.4,31.7,3.76,27.62,0,38.9,27.2,32.8,30.3,29.7,30,1.5,.3,161,73,6.1,15.1,8,7.3,1.41,11.9
2003,217,6,42,23.3,33.6,69.3,13.3,31.6,3.94,26.01,0,39.7,28.7,33.8,30.8,30.2,30.4,1.4,.1,178,80,4.5,15.4,7.6,6.9,1.5,12.9
2003,218,6,42,24.9,34.2,61.2,16.7,32.9,3.93,24.07,0,39,29.7,34.2,31.1,30.5,30.8,2.1,.9,238,62,7.1,16,7.7,7.6,1.65,14.4
2003,219,6,42.5,25.2,34.7,67.9,17.2,34.3,3.97,25.51,0,40.1,30.1,34.8,31.3,30.7,31,1.8,.8,268,61,6.3,16.1,8,7.6,1.78,15.6
2003,220,6,41.6,29,35.3,64.4,19.2,34.8,3.92,25.97,0,39.6,30.4,34.3,31.7,31.2,31.4,2.4,1.1,253,59,8.6,17.2,8.3,8.4,1.92,16.7
2003,221,6,43.5,26.5,35.7,72.5,16.3,34.7,4.16,26.13,0,34.6,27.6,30.8,31.7,30.7,31.2,1.7,.6,248,64,5.5,16.5,8,7.6,1.89,16.5
2003,222,6,45.5,28.3,37.6,54.8,12.3,26.1,5.16,26.68,0,38.5,27.1,32.4,30.9,30.1,30.6,2,1.4,290,42,6.7,17,8.9,8.4,1.57,13.6
2003,223,6,43.5,29.9,37.5,48.1,15.9,25.7,4.97,25,0,40,30.7,34.9,31.4,30.7,31,2.3,.9,196,63,9.2,17.2,8.4,8.4,1.6,13.9
2003,224,6,42.7,29.9,36.9,49.8,16.3,29.5,4.55,25.97,0,41,31.7,35.8,31.8,31.2,31.5,2.7,1.5,227,53,9.4,17.2,8.8,8.9,1.78,15.6
2003,225,6,43.3,25.5,33.7,91.1,18.9,45.1,3.31,23.92,3,41.1,31.6,35.5,32.2,31.5,31.8,2.9,1.6,177,55,15.7,16.2,7.7,8.6,2.16,18.6
2003,226,6,37.6,23.2,29.4,96.1,31.9,69.6,1.5,22.74,6,37.7,29.3,32.8,32,31.2,31.6,2.5,.6,129,72,11.8,15.1,6,6.4,2.71,22.3
2003,227,6,32.1,22.2,27.1,96.9,36.3,68.1,1.29,22.98,0,34.2,27.2,30.4,31.5,30.5,31,2.7,1.2,179,59,8.4,14,5.9,5.7,2.34,20
2003,228,6,36.4,22.1,28.9,94.8,27.2,59.5,1.93,23.67,0,37.3,26.7,31.5,30.6,30,30.3,1.3,.5,164,66,5.4,14.5,5.9,5.7,2.18,18.7
2003,229,6,39.8,22.6,31.4,80.6,17.8,47.3,2.85,25.72,0,39.3,28.1,33.3,30.7,30.2,30.4,1.1,.5,226,62,4.2,15.1,6.8,6.2,1.97,17.1
2003,230,6,42.2,23.6,32.4,74.9,17.3,44.7,3.13,24.47,0,40,29.3,34.2,31.1,30.5,30.8,2.5,1.5,176,50,13.6,15.5,7.5,7.9,1.99,17.3
2003,231,6,33.9,24.1,28.9,94.6,37.6,60,1.69,17.86,1,35.2,29.6,32.4,31.2,30.7,31,2.5,1.1,158,60,11.4,15.1,4.9,5.3,2.32,19.8
2003,232,6,37.5,23.6,30.6,86.2,27.2,55.5,2.21,23.6,0,38.2,28.5,33.1,30.9,30.4,30.7,1.6,.8,182,57,5.4,15.2,6.2,6,2.31,19.7
2003,233,6,39.5,27.3,33,68.5,29,46.8,2.86,22.88,0,39.2,30,34.1,31.1,30.6,30.9,2.5,2.2,259,29,7.4,16.7,7,7.3,2.27,19.5
2003,234,6,40.5,27.5,33.5,65.8,24.6,44.2,3.05,17.97,0,36.1,29.6,32.5,31.2,30.9,31.1,2.3,1.6,256,46,10.2,16.7,5.7,6.6,2.22,19.2
2003,235,6,41.8,24.2,33,90.6,22,47.2,2.99,22.42,8,33.7,27.4,30.1,31.1,30.2,30.6,2.4,1.2,168,57,15.4,15.7,6.8,7.3,2.22,19.1
2003,236,6,37.8,24.2,30.5,95.5,30.4,62.4,1.92,23.34,0,33.5,26.9,29.6,30.4,29.8,30.1,1.8,.4,211,71,7,15.6,6.1,6.1,2.57,21.4
2003,237,6,39.7,25.6,32.3,74.8,28.9,50.3,2.62,24.13,0,37.1,26.5,31.2,30.1,29.6,29.9,2.2,1.1,171,58,10.3,16.2,6.8,7,2.33,19.9
2003,238,6,36.3,23.2,29,98.7,35,62.6,1.68,18.17,11,35.8,28.6,31.6,30.4,30,30.2,3.5,2,163,53,14.6,15,5.1,6.2,2.42,20.5
2003,239,6,32.9,23.3,27.1,99.1,49.6,79.4,.84,17.49,0,31.5,27.3,29.4,30.4,29.7,30.1,1.6,.2,231,76,6.9,14.6,3.9,4.2,2.78,22.8
2003,240,6,36.1,22.9,29.5,99.1,36.3,66.7,1.63,23.67,0,35.5,26.1,30.2,29.8,29.3,29.6,1.3,.7,175,52,5.3,14.9,5.7,5.4,2.6,21.6
2003,241,6,37.5,23.4,30.8,90.6,33.3,56.9,2.16,23.51,0,36.8,27.3,31.2,30.1,29.6,29.8,1.2,.4,200,65,5.8,15.2,6.1,5.5,2.42,20.5
2003,242,6,40,25.8,33,82.9,25.9,50,2.79,24.28,0,34.5,27.4,30.6,30.4,29.9,30.1,1.3,.7,243,57,5,16.3,6.6,6.2,2.38,20.2
2003,243,6,41,25.6,33.9,78.9,23.7,44.3,3.23,24.29,0,37.9,26.9,31.9,30.5,29.9,30.1,1.7,.8,196,58,4.8,16.2,6.9,6.7,2.22,19.1
2003,244,6,39.8,26.9,32.5,84.4,25,48.5,2.73,17.97,3,34.9,29.2,31.6,30.8,30.3,30.5,1.8,.5,180,70,9.8,16.5,5.3,5.8,2.29,19.5
2003,245,6,41.4,23.8,32.5,79.9,13.8,40.9,3.31,22.64,0,37.8,27.5,32.2,30.6,30.1,30.4,1.2,.6,348,57,5.4,15.5,6.4,5.8,1.8,15.6
2003,246,6,42,23.3,33.1,69.6,13.5,35.7,3.7,24.11,0,38.6,28.2,33,30.9,30.3,30.6,1.5,.6,172,61,6.8,15.5,7.2,6.5,1.61,14
2003,247,6,39.4,25.2,31.6,77.9,20.4,48,2.66,23.16,0,38.9,29.2,33.6,31,30.6,30.8,2.5,.1,325,80,11.6,16,6.9,7.1,2.12,18.4
2003,248,6,36.3,24.4,30.3,80.8,30.4,50.7,2.29,21.63,0,37.3,29.5,33,31.1,30.7,30.9,2.9,2.4,248,33,8.3,15.5,6.7,6.7,2.12,18.4
2003,249,6,38,24.4,30.1,79.9,30.5,54.5,2.13,23.26,0,38,28.9,32.9,31,30.5,30.8,2.3,.3,268,75,11.4,15.6,6.8,6.6,2.24,19.3
2003,250,6,37.8,24.4,30.5,76.7,28.2,51.7,2.33,21.28,0,38.2,28.9,33,31,30.5,30.8,1.4,.6,229,61,5.4,15.6,5.8,5.4,2.16,18.7
2003,251,6,38.1,24.4,31.3,75.2,27.2,49.8,2.51,23.14,0,38.3,29,33.3,31,30.6,30.8,2.2,1.5,198,46,8.1,15.6,6.7,6.5,2.18,18.8
2003,252,6,36.4,24,29.8,80.3,31.4,52.2,2.13,18.75,0,35,29.4,32,31,30.6,30.8,4.6,4.2,193,23,12.4,15.3,6.9,7.5,2.13,18.4
2003,253,6,35.8,22.2,28.5,83.6,18.9,49,2.21,21.36,0,35.9,27.7,31.4,30.7,30.1,30.4,2.3,1.5,221,48,10.8,14.6,6.2,6.1,1.79,15.2
2003,254,6,35.4,19.6,27.5,65.3,17.8,41,2.41,23.4,0,36.6,26.4,31.1,30.4,29.7,30.1,1.2,.6,153,55,4.2,13.4,6.1,5.2,1.41,12
2003,255,6,38.8,16.9,27.8,80.1,11.8,38,2.79,23.79,0,35.5,26,30,30.3,29.6,30,1,.1,239,78,4.8,12.6,6.3,5.2,1.22,9.7
2003,256,6,39.9,17.4,28.5,63.4,9.7,32.9,3.03,23.77,0,31.2,22.7,26.8,30,28.9,29.4,1.2,.4,145,65,4.5,12.9,6.5,5.7,1.14,8.8
2003,257,6,40.4,20.2,29,47.9,9.2,29.7,3.19,23.41,0,32.2,21.8,26.7,29,28.2,28.6,1.3,.5,156,62,3.9,14.2,6.5,5.7,1.09,8.1
2003,258,6,40.3,16.6,28.8,77.1,10.9,33.7,3.08,23.07,0,34.5,22.9,28.3,28.7,28,28.4,1,.4,138,64,3.8,12.6,6.2,5.2,1.19,9.4
2003,259,6,40.3,20.5,29.8,57.9,12.4,31.9,3.25,22.73,0,35.4,24.6,29.5,28.8,28.3,28.5,1.8,.9,215,57,7,14.3,6.8,6.4,1.22,9.8
2003,260,6,38.7,21.6,29.7,60.2,12.4,32,3.17,23.03,0,34.8,25.4,29.8,29,28.5,28.7,2.3,1.3,227,53,7.9,14.6,7.4,7,1.21,9.6
2003,261,6,38.2,17.2,27.6,73.8,8.8,37.5,2.72,22.89,0,35,24.9,29.5,29,28.4,28.7,1.3,.4,100,68,4,12.7,6.1,5.4,1.22,9.5
2003,262,6,39.2,15.6,27.2,68.5,8,32.3,2.99,22.93,0,34.7,24.5,29.2,29,28.3,28.6,1.2,.3,303,70,4.5,12.1,6.3,5.4,.97,6.3
2003,263,6,39.7,14.4,26.7,75,7.5,32.4,2.93,22.58,0,34.4,24.1,28.9,28.9,28.1,28.5,1.3,.2,233,76,6.8,11.7,6.2,5.4,.94,5.9
2003,264,6,40.4,14.4,26.7,66.2,7.5,30.9,3.01,22.72,0,34.3,23.6,28.6,28.7,27.9,28.3,.9,.3,208,67,4.3,11.7,6,4.9,.9,5.3
2003,265,6,40.3,15.7,28.3,64.2,9.5,31.4,3.16,18.54,0,33,24,28.5,28.5,27.9,28.2,1,.2,33,74,3,12.3,5.1,4.7,1.06,7.5
2003,266,6,33.5,21.5,26.6,98.3,26.4,54,1.77,8.51,1,29.9,26,27.7,28.3,27.9,28.1,2.5,1.8,161,42,10.8,13.9,2.8,4.3,1.78,15.2
2003,267,6,24.9,20.9,22.2,100,77,95.2,.14,5.91,1,26.1,24.1,25.1,28,27.2,27.6,2,1.3,155,48,5.8,10.1,.6,1.5,2.54,21.3
2003,268,6,33.8,20.5,25.4,100,30.1,76.4,.99,19.75,0,31.9,23.3,26.9,27.2,26.7,27,1.1,.2,32,72,6.2,13.5,4.3,4.2,2.36,20.1
2003,269,6,36.3,18.9,27.3,98.1,33.1,63.5,1.66,20.84,1,34.2,23.6,28.4,27.6,27,27.2,1.3,.7,213,55,4.4,13.2,5.1,4.7,2.14,18.5
2003,270,6,37.6,19.9,28.3,94.1,26,57.5,1.99,20.87,0,35,24.9,29.5,27.9,27.4,27.6,1.3,.4,186,66,4.1,13.7,5.3,4.9,2.04,17.8
2003,271,6,39.6,19.9,28.8,87,20.2,52.5,2.35,20.77,0,35.3,25.3,29.9,28.2,27.7,28,1.2,.5,202,65,4.9,14,5.4,5,1.87,16.4
2003,272,6,40.5,19.6,29.4,78.9,14.2,44.8,2.75,20.76,0,35.6,25.6,30.1,28.5,28,28.2,1.1,.5,177,60,3.3,14,5.5,5,1.63,14.1
2003,273,6,40.8,19.9,29.5,76.6,15.1,40.6,2.92,20.54,0,35.3,25.7,30,28.6,28.1,28.4,1.4,.6,238,61,3.9,14.1,5.7,5.4,1.48,12.7
2003,274,6,40,20.8,30.4,74.5,14.3,40.7,2.96,20.24,0,35.4,26.2,30.4,28.7,28.2,28.4,1.6,.8,196,57,4.8,14.4,5.9,5.5,1.6,13.9
2003,275,6,38.3,23.3,29.7,62.8,20.4,39.7,2.73,16.85,0,34.4,26.6,30,28.7,28.3,28.5,2.4,2,180,34,5.6,15.2,5.4,6.1,1.58,13.8
2003,276,6,34,18.8,26.4,58.2,13.8,34.4,2.47,20.58,0,31.6,23.1,27.5,28.7,28,28.3,4.4,4,177,23,12.1,12.8,8,7.8,1.1,8.2
2003,277,6,34.3,13.2,24.4,78.5,10.4,41.8,2.09,20.46,0,28,19.9,23.6,28.2,26.7,27.4,1.3,.7,193,58,6.3,10.1,5.3,4.5,1.17,9.1
2003,278,6,35,14.3,24.5,73.3,15,41.1,2.15,20.49,0,27.8,19.7,23.5,26.9,26,26.4,1.2,.3,193,70,4.6,10.8,5.3,4.4,1.15,8.9
2003,279,6,34.4,15.4,25.1,70.2,17,39.6,2.21,16.07,0,28,19.8,23.8,26.4,25.7,26,1.1,.5,202,59,5.2,11.2,4.1,3.9,1.17,9.1
2003,280,6,27.8,20.7,24,80.2,41.2,56.4,1.33,4.55,0,24.8,22.7,23.6,26,25.6,25.9,2,1.5,148,40,7.6,11.5,1.6,2.7,1.66,14.6
2003,281,6,34,17.3,25.6,91.4,30.9,57.8,1.64,18.6,0,31.1,21.5,25.8,25.9,25.4,25.6,1,.1,319,76,4.5,12,4.4,3.8,1.77,15.5
2003,282,6,35.2,17.8,26.1,96.3,31.2,59.4,1.64,14.04,1,30.3,22.9,26.5,26.2,25.8,26,2,1.3,168,49,9.6,12.4,3.8,4.3,1.9,16.5
2003,283,6,28.7,20.4,23.5,97.7,55,83.5,.53,10.23,1,27.7,23.7,25.3,26.3,25.9,26.1,1.8,.3,195,74,5.2,11.8,1.9,2.6,2.39,20.3
2003,284,6,33.1,17.8,24.9,99.8,34.9,71.1,1.16,18.16,0,31.7,22.3,26.4,26.2,25.7,25.9,1,.5,218,57,4,12.1,4,3.6,2.11,18.3
2003,285,6,35.8,18.3,26.5,88.2,24.5,55.9,1.86,18.27,0,32.5,23.3,27.4,26.5,26,26.2,1.4,.5,211,66,4.5,12.8,4.6,4.3,1.79,15.7
2003,286,6,36.3,18.2,26.6,80.1,16.7,49.5,2.07,18.47,0,32.5,23.5,27.5,26.7,26.2,26.5,1.5,.7,206,59,5.8,12.8,4.9,4.5,1.59,13.7
2003,287,6,35.9,16.4,25.9,74.4,16.4,41.7,2.29,18.34,0,32.2,23.2,27.2,26.8,26.2,26.5,1.3,.6,212,59,7.7,11.9,4.8,4.2,1.26,10.3
2003,288,6,35.7,14.7,25,76.3,19.2,41.6,2.18,18.3,0,31.7,22.4,26.7,26.8,26.1,26.5,1,.2,200,71,3.6,11.1,4.6,3.8,1.22,9.9
2003,289,6,35.8,17.3,25.8,71.7,23.5,43.7,2.15,17.98,0,32.1,23.2,27.2,26.6,26.1,26.4,1.2,.4,181,65,4.5,12.4,4.7,4.1,1.37,11.6
2003,290,6,37.2,15.2,25.4,76.2,14.2,41.2,2.32,18.22,0,30.7,22.5,26,26.7,26,26.4,1,.2,342,74,4,11.6,4.6,3.8,1.19,9.5
2003,291,6,38.5,14.4,25.5,80.3,10.6,38.8,2.56,18.33,0,27.1,20.2,23.5,26.4,25.5,26,1.2,.2,216,75,5,11.5,5,4.3,1.06,7.7
2003,292,6,38.1,13.9,25,67.1,11.1,34.5,2.56,18.17,0,26.9,19,22.6,25.8,25,25.4,1,.1,279,76,5.2,11.2,4.8,3.8,.95,6.2
2003,293,6,38.1,14,24.8,66.8,10.8,36.4,2.46,18.06,0,28.9,18.9,23.3,25.4,24.6,25,.9,.3,230,66,2.8,11.2,4.6,3.7,1,6.9
2003,294,6,38.4,13,24.4,68.5,9.5,36.3,2.45,17.69,0,29.5,19.4,24,25.3,24.6,25,1,.3,197,68,3.3,10.8,4.5,3.7,.96,6.2
2003,295,6,38,12.2,24,77.9,7.6,35.8,2.46,17.67,0,29.5,19.7,24.2,25.3,24.6,25,.8,.2,253,70,3,10.5,4.5,3.5,.88,5
2003,296,6,37.5,11.6,23.5,72.6,8.2,32.8,2.42,17.36,0,29.3,19.7,24,25.2,24.5,24.9,.9,.3,195,64,2.9,10.2,4.4,3.4,.81,3.7
2003,297,6,35.1,12.2,22.7,71.3,9.9,32,2.21,16.75,0,28.6,19.7,23.7,25.1,24.4,24.8,1.3,.6,196,61,3.7,9.9,4.5,3.9,.79,3.4
2003,298,6,32.8,11.4,22.7,66.7,5.8,27.3,2.29,16.82,0,27.6,19.5,23.2,24.9,24.2,24.6,2.4,1,2,61,10.2,9.1,5.4,5.3,.65,-.4
2003,299,6,26.9,10,18.7,63,8.2,23.2,1.78,17.55,0,26,18.6,22,24.6,23.8,24.2,2.4,1.5,57,50,8.2,6.2,5.2,4.6,.47,-4.2
2003,300,6,28.5,6.8,17.1,81.1,10,35.7,1.53,16.92,0,25.7,16.8,20.9,24.1,23.1,23.7,1,.3,186,68,3.7,6.3,3.8,2.9,.6,-.4
2003,301,6,31.4,9,18.2,68.3,11.1,35,1.6,15.3,0,25.6,17.4,21,23.6,22.8,23.2,1,.3,198,69,3.3,7.9,3.5,3,.67,1.1
2003,302,6,31.8,9.1,20.2,66.5,12.7,34.9,1.85,14.83,0,25.6,17.2,21.1,23.3,22.6,23,1.4,.5,209,65,6.7,8.1,3.8,3.6,.74,2.5
2003,303,6,28.5,14.9,22,62.1,20.6,34.4,1.84,13.07,0,24.1,18.5,21.2,23.1,22.6,22.9,4,3.6,186,26,11.7,8.9,5.2,5.6,.87,4.9
2003,304,6,28.2,14.2,21.8,62,23.5,42.6,1.56,13.54,0,24.7,18.6,21.5,22.9,22.5,22.7,3.1,2.4,188,40,9.5,8.4,4.4,4.5,1.1,8.2
2003,305,6,23.5,11.9,17.8,78.7,45.2,59.8,.85,6.43,0,22.6,19.1,20.8,22.9,22.5,22.7,1.7,.9,265,55,6.7,5,1.5,2.2,1.21,9.7
2003,306,6,26.1,11.2,17.8,88,33.1,57.7,.99,13.81,0,24,17.5,20.4,22.7,22,22.3,2,1.4,240,42,10.7,6.1,3.3,3.1,1.13,8.7
2003,307,6,20,6.8,14.7,69.4,25.7,43,1,14.76,0,23.1,17.4,19.8,22.4,21.9,22.2,2.9,2.5,261,29,10.3,2.5,3.8,3.3,.7,1.7
2003,308,6,20.4,4.5,11.8,72.9,22.1,48.7,.82,15.93,0,22.3,14.2,17.8,22.2,21.1,21.6,1.1,.4,185,63,4.6,2.4,3,2.3,.63,.5
2003,309,6,21.8,1.8,11.5,78,21.1,49.9,.84,15.94,0,22,13.4,17.3,21.5,20.6,21,.9,.2,216,73,3.6,2.7,3,2.1,.63,.3
2003,310,6,24.1,2.6,12.7,76.5,15.8,44.7,1.02,14.54,0,21.3,13.3,17,21,20.2,20.6,1,.4,196,62,2.9,3.7,2.8,2.3,.59,-.6
2003,311,6,20.4,4.3,13.1,73.3,18.9,43.4,.96,7.97,0,21.1,13.9,17,20.6,20,20.3,1.1,.3,178,68,3.7,2.3,1.6,1.9,.62,.1
2003,312,6,25,3.6,13.8,76,19.5,44.7,1.06,14.32,0,19.6,12.6,16,20.4,19.7,20.1,1,.4,226,65,3.7,4.2,2.8,2.3,.65,.9
2003,313,6,28.7,4.8,15.1,79.1,14.5,43.8,1.22,15.01,0,20.1,12.1,15.8,20.1,19.4,19.8,1,.1,216,78,3.3,6.1,3.1,2.7,.67,1.3
2003,314,6,22.1,6.2,13.8,89.9,25.9,57.6,.74,6.69,0,17,12.4,15,19.9,19.3,19.6,1.1,.2,156,74,4.7,3.3,1.2,1.8,.91,4.9
2003,315,6,23.5,11.1,17.3,95.3,40.2,73,.63,8.04,0,19.1,14.4,16.7,19.5,19.1,19.3,1.2,0,328,80,4.6,4.8,1.3,1.7,1.4,11.8
2003,316,6,19.3,15.8,17.4,100,79.8,95.7,.09,1.7,7,18.4,17,17.7,19.8,19.5,19.6,2.2,1,115,61,7.2,4.8,0,.5,1.9,16.6
2003,317,6,22,11.6,16.7,100,59.2,90.3,.22,8.53,2,20.7,16.3,18.2,19.9,19.6,19.7,.8,.3,241,60,2.8,4.2,.9,1.3,1.7,14.9
2003,318,6,21.8,8.5,14.6,100,47.8,82.6,.38,14.15,0,21.1,14.1,17.2,20,19.5,19.8,.9,.4,251,59,4.2,3.5,2.2,1.8,1.33,11.2
2003,319,6,21.4,7.1,13.4,100,45.8,82.1,.38,13.12,0,19.9,13,16.2,19.9,19.2,19.6,.8,.5,166,54,3,3,1.9,1.6,1.22,9.9
2003,320,6,18.8,7.2,12.4,100,44.8,77.8,.4,10.84,0,18,13.4,15.1,19.6,19,19.3,1.9,1.3,233,47,6.7,2,1.8,1.8,1.08,8.1
2003,321,6,18.5,4.7,11.2,98.3,39.7,75,.43,13.68,0,18.3,11.1,14.3,19.2,18.4,18.8,1.4,.9,212,49,4.7,1.6,2.1,1.7,.95,6.3
2003,322,6,21.5,3.8,11.9,100,34.8,74.2,.49,14.14,0,18.8,10.9,14.5,18.7,18.1,18.4,1,.3,282,69,4.7,2.7,2.3,1.8,.98,6.6
2003,323,6,26.1,4,14.1,99,21.3,64,.86,14.22,0,19.9,11.1,15.1,18.5,17.9,18.2,1.1,.4,8,67,4.8,4.7,2.8,2.3,.92,5.8
2003,324,6,26.1,4.2,14.2,95.4,22.5,60.3,.88,13.9,0,20.4,11.8,15.6,18.5,17.8,18.2,.9,.4,185,59,3.2,4.8,2.5,2.1,.89,5.3
2003,325,6,26.4,4.3,14.2,94.5,20.9,61.5,.83,13.25,0,20.4,12.1,15.8,18.5,17.8,18.2,1,.2,173,74,4.4,4.9,2.4,2.1,.92,5.8
2003,326,6,18.2,6.7,13.4,81.8,15,36.6,1,13.54,0,18.9,12.9,15.6,18.5,18.1,18.3,3.5,2.5,280,43,10.2,1.7,4,3.4,.57,-2.4
2003,327,6,15.3,-.4,6.8,66.2,10.8,33.3,.75,14.36,0,16.7,9.2,12.5,18.3,17.3,17.7,1.7,1,335,52,5.9,.4,2.8,2.2,.29,-9.8
2003,328,6,20.1,-3.2,8.2,77.5,12.8,40.5,.82,12.59,0,15.7,7.6,11.7,17.3,16.5,16.9,1.2,.2,226,76,4.7,1.8,2.3,2.1,.39,-6.3
2003,329,6,19.5,4.1,11.6,64.7,13.7,37.1,.95,9.75,0,17.7,11.8,13.9,16.8,16.4,16.7,1.3,.5,177,66,4,2,2.1,2.1,.47,-3.7
2003,330,6,20.6,-.1,9.1,82.4,19.5,50.8,.73,13.08,0,17.3,9.4,13,16.9,16.2,16.6,.9,.2,326,73,3.2,2.1,2.3,1.7,.54,-1.7
2003,331,6,19,2.9,10.3,87.1,10.5,39.4,.9,13.63,0,16.8,9.6,12.8,16.6,16.1,16.4,2.2,1.8,8,35,7.7,1.7,3.2,2.8,.43,-5.2
2003,332,6,21,1.6,11,57.9,11.1,29.2,1.06,11.85,0,15.8,8.9,12.1,16.4,15.8,16.1,3.4,2.8,53,34,12.6,2.3,4,4,.35,-7.5
2003,333,6,22.6,3.6,12.2,61.3,13.6,33.4,1.08,12.58,0,17.4,9.8,13.1,16.1,15.6,15.9,1.7,1,18,51,4.7,3.2,3,2.7,.44,-4.6
2003,334,6,24,0,10.2,77.1,15.6,42.3,.92,13.52,0,17.4,9,12.8,16.2,15.5,15.8,1,.3,186,70,2.7,3.5,2.6,2.1,.48,-3.3
2003,335,6,26,.2,11.7,82.9,14.2,43.4,1.01,12.75,0,17.4,9.1,13,16.1,15.3,15.7,1,.3,176,70,3.9,4.2,2.5,2.1,.53,-2
2003,336,6,23.7,4,12.7,73.6,14.4,42.4,1.01,12.07,0,18,10.8,13.9,16.1,15.6,15.9,1.1,.5,193,58,3.3,3.8,2.5,2.1,.57,-1
2003,337,6,24.5,.6,10.8,82.8,14.2,46,.9,12.34,0,17.3,9.7,13.1,16.2,15.5,15.9,1,.4,195,62,3.3,3.7,2.4,2,.53,-1.9
2003,338,6,23.3,-.8,10.4,82,16.9,45.8,.9,12.53,0,17.1,8.9,12.6,16,15.3,15.7,1.1,.6,199,57,2.9,3.2,2.4,2.1,.52,-2.2
2003,339,6,25,1.8,12.4,86.2,16.4,46.1,1,11.31,0,17.4,9.5,13.1,15.9,15.2,15.6,1.1,.1,288,76,3.7,4.1,2.4,2.1,.6,-.3
2003,340,6,26.6,4.9,14.2,77.5,18.5,45.9,1.1,11.69,0,18.7,11,14.4,15.9,15.4,15.7,1,.3,203,69,3.5,5.1,2.4,2.1,.68,1.4
2003,341,6,24.3,3.8,14.1,78.8,27.7,48.3,.99,10.95,0,18.2,11,14.6,16.2,15.6,15.9,1.2,.3,263,68,3.4,3.9,2.2,2,.75,2.6
2003,342,6,19.7,7.7,15.1,73.2,18.6,46.7,.93,10.26,0,18.3,13.5,15.6,16.4,16,16.2,3.3,2.5,274,39,10.6,2.4,3.1,2.9,.81,2.8
2003,343,6,17.7,.9,8.9,64.4,17.4,40.6,.76,12.45,0,16.7,9.9,12.9,16.5,15.8,16.1,1.4,.6,354,60,5.2,1.1,2.3,1.9,.43,-4.7
2003,344,6,17.9,-1.3,6.9,77.3,19.1,46.7,.65,12.4,0,15.7,8,11.4,15.9,15.1,15.5,1.1,.4,187,66,4.7,1.2,2.1,1.7,.43,-4.8
2003,345,6,16.7,-.6,8.7,94.6,25.7,53.6,.59,9.44,2,14.3,8,11.2,15.3,14.8,15,1.9,1,251,54,10.7,.8,1.7,1.8,.61,-.9
2003,346,6,13.8,2.4,7.5,99.9,53.1,82.6,.22,11.21,0,14.2,8.9,11.3,15,14.6,14.8,1.3,.5,226,65,6.3,.1,1.3,1.1,.84,4.4
2003,347,6,15.4,-.9,6.7,100,49.5,83.4,.23,11.6,0,14.4,7,10.4,14.8,14.2,14.5,.9,.1,129,74,3,.4,1.4,1.1,.8,3.6
2003,348,6,19.2,-.3,8.2,100,34.2,74.1,.42,12.35,0,15.2,7.3,10.9,14.5,13.9,14.2,1,.4,154,63,4.6,1.6,1.7,1.4,.76,3
2003,349,6,15.7,-.3,9.2,90.1,15.6,46.4,.7,12.26,0,14,8.2,10.8,14.4,14,14.2,2.3,1.6,300,45,8.4,.6,2.7,2.1,.51,-3
2003,350,6,16.7,-3.1,6.6,68.7,10.2,35.7,.76,13.13,0,13.1,5.7,9.1,14.1,13.5,13.8,3.1,2.8,28,27,9.5,.8,3.5,3.1,.3,-9.3
2003,351,6,20.3,-2.6,7.5,80.6,9.6,41.4,.8,13.05,0,13.9,5.3,9.1,13.6,13,13.3,1.2,.3,360,70,4.7,1.9,2.6,2,.36,-7.1
2003,352,6,22.5,-2.3,8.4,71.6,11.8,42.7,.85,13.12,0,14.4,5.8,9.7,13.5,12.8,13.1,1.3,.1,228,77,4.8,2.7,2.6,2.2,.41,-5.5
2003,353,6,24,-.3,10.8,72.5,12.2,41.4,.99,11.99,0,15.1,6.8,10.6,13.5,12.9,13.2,1.3,.2,12,74,4.6,3.4,2.6,2.3,.47,-3.6
2003,354,6,25.1,4,12.5,72.5,13.8,42.2,1.03,11.61,0,16.2,9.2,12.3,13.8,13.2,13.5,1,.3,187,66,4,4.2,2.3,1.9,.55,-1.6
2003,355,6,22.7,6.4,13.4,70.4,19.2,43.3,.99,11.54,0,16.8,10.4,13,14.1,13.6,13.9,1.6,.8,243,57,7.6,3.6,2.7,2.4,.64,.5
2003,356,6,20.1,2.2,10.1,82.6,32.1,58.3,.61,11.35,0,15.6,9,12.1,14.3,13.8,14.1,1.3,0,67,80,4.8,2.1,1.9,1.8,.69,1.7
2003,357,6,20.9,4.9,13.7,70.6,20.3,37.7,1.09,8.37,0,14.8,9.6,12.1,14.2,13.7,14,4.1,3.5,78,32,12.5,2.6,3.4,3.9,.55,-1.5
2003,358,6,19,7.7,12.8,99.8,36.6,72.1,.49,11.87,2,16.8,11.4,13.5,14.4,13.9,14.1,1.3,.4,193,67,6.1,2.1,1.8,1.5,1.02,7.1
2003,359,6,20.6,3.8,12,100,39.3,74.2,.47,9.41,0,15.6,9.7,12.6,14.6,14,14.3,1.5,.8,140,56,5.8,2.3,1.4,1.6,1,6.9
2003,360,6,16.4,2,11.2,88.3,27.9,56.2,.61,11.45,0,15.7,10.2,12.9,14.5,14.2,14.4,3.3,2.7,236,36,11,.8,2.5,2.1,.75,2.3
2003,361,6,12.7,1.2,6.9,65.2,16.2,40.8,.62,12.93,0,13.5,7.7,10.1,14.5,13.6,14,3.2,2.8,269,26,8.1,0,2.9,2.5,.4,-6
2003,362,6,10.9,-3.5,3.3,67.1,16.2,38.3,.53,13.15,0,12.4,4.9,8.1,13.7,12.8,13.2,1.4,.5,339,64,5.5,0,2.1,1.5,.28,-10.5
2003,363,6,14,-7.1,3.4,83.9,16.8,47.9,.52,12.35,0,11.6,3.8,7.5,12.8,12.1,12.5,1,.4,30,66,4.6,.1,1.9,1.4,.34,-8.1
2003,364,6,16,-.1,6.7,70,18,47.5,.6,8.02,0,11.8,6.7,8.8,12.6,12.1,12.3,1,.4,177,63,3.2,.6,1.3,1.4,.43,-4.6
2003,365,6,19.5,.3,9.9,74.9,15.4,43.2,.82,9.47,0,13.5,7,9.8,12.5,12,12.2,1.4,.4,192,68,5.4,1.8,2,2,.48,-3.5
