2004,1,6,19.2,6.6,12.7,91.2,48.9,71.8,.45,8.25,0,15.8,11.1,12.7,13.1,12.4,12.7,1.2,.3,133,70,5.1,2.1,1.2,1.4,1.04,7.5
2004,2,6,20.6,3.2,11.3,98.3,46.3,75.1,.44,10.85,0,15.8,9.1,12.1,13.5,12.9,13.2,1.5,.7,186,57,5,2.4,1.7,1.7,.99,6.6
2004,3,6,17.6,3,10.1,96.2,26.3,63.8,.48,6.14,0,13.7,9.5,11.4,13.6,13.2,13.4,2.8,1.5,224,55,10.7,1.2,1.2,2,.79,2.6
2004,4,6,13.5,-.7,5.2,73.8,24.5,49.9,.51,11.29,0,13,6.7,9.4,13.3,12.6,13,1.4,.4,355,69,4.9,.1,1.8,1.6,.42,-5.1
2004,5,6,14.5,-4,4,76.9,22.6,51,.5,11.04,0,11.7,5,8.1,12.8,12.1,12.5,1.3,.2,309,73,6.1,.2,1.8,1.6,.39,-6.2
2004,6,6,20.2,-3.6,7.1,78.8,15.7,45.9,.73,11.47,0,12.9,4.9,8.6,12.4,11.7,12,1.1,.5,197,58,3,1.8,2,1.8,.42,-5.2
2004,7,6,18.9,2,9.9,74.7,23.8,46.5,.76,8.13,0,13.3,7.4,10.2,12.4,11.9,12.1,.9,.2,218,70,2.7,1.6,1.4,1.5,.54,-1.8
2004,8,6,23,3,11.2,77.4,25.6,51.4,.8,12.49,0,15.8,8,11.4,12.7,12.1,12.4,1,.3,175,68,3.1,3.3,2.3,1.9,.65,.7
2004,9,6,25.4,1.6,11.9,83.3,18,49.5,.96,13.13,0,16.3,8,11.8,13.1,12.4,12.7,1.6,.6,16,63,5.7,4.2,3,2.7,.62,.1
2004,10,6,26.3,3.3,14.1,69.3,14,38.8,1.24,11.46,0,16.1,8.5,12.1,13.3,12.6,12.9,2.6,2.1,54,35,9.4,4.7,3.6,3.9,.55,-1.5
2004,11,6,26,8.7,16.9,61.9,16.1,36,1.38,12.48,0,18,10.8,14.1,13.7,13.1,13.3,2,1.4,37,45,6.1,5.5,3.5,3.3,.65,.7
2004,12,6,24.9,5.7,15.1,80.1,30.5,54.9,.92,12.47,0,18.6,11.2,14.6,14.2,13.5,13.8,.9,.1,2,77,3.3,4.4,2.4,1.9,.9,5.4
2004,13,6,25.3,5.1,14.3,88.6,24.2,53.5,.95,10.83,0,17.5,10.8,13.9,14.5,13.8,14.1,1.2,.5,352,61,4.7,4.5,2.2,2.2,.81,3.9
2004,14,6,22.1,9,15.4,72.1,25.6,50,.95,4.96,0,15.5,12.1,13.9,14.5,14.1,14.3,2.5,1.9,80,41,14.7,3.6,1.4,2.8,.85,4.5
2004,15,6,20.5,5.1,12.8,94,42.3,69.1,.54,12.31,0,17.9,10.9,14,14.6,14,14.3,1,.3,20,69,5.3,2.4,2,1.6,1,6.9
2004,16,6,21.4,3.6,11.9,90.1,30.8,61.9,.67,12.9,0,17.5,10.1,13.4,14.6,14,14.3,1.7,1.1,220,48,5.6,2.7,2.5,2.2,.82,4
2004,17,6,20.3,1.6,11.3,76.8,30.5,51.2,.75,13.27,0,17.3,9.8,13.3,14.6,13.9,14.3,1.4,.2,160,74,5.6,2.1,2.5,2,.66,1
2004,18,6,21.2,1,10.2,87.3,27.8,56.3,.68,13.37,0,17.1,9.1,12.7,14.5,13.7,14.1,.9,.2,160,71,3.3,2.4,2.2,1.7,.66,1.1
2004,19,6,19.3,1.2,10.7,78.3,28.5,52.1,.73,10.91,0,15.7,8.9,12.3,14.4,13.7,14,1.1,.4,305,67,4.1,1.7,1.9,1.8,.64,.6
2004,20,6,19.9,8.7,13.5,66,27.3,46.7,.89,12.78,0,18,11.5,14.2,14.4,13.9,14.1,1.6,.7,237,59,8.8,2.6,2.8,2.3,.7,1.8
2004,21,6,17,7.1,11.8,99.4,46.9,77.7,.34,9.88,4,15.6,11.6,13.4,14.6,14.2,14.4,2.2,1.3,33,54,6.9,1.2,1.6,1.7,1.06,7.7
2004,22,6,17,9.3,11.9,100,54.2,87.8,.21,10.72,6,15.4,11.2,13,14.4,14.1,14.3,2.9,1.9,49,49,9.3,1.4,1.6,1.7,1.2,9.7
2004,23,6,18.6,8.6,12.8,100,51.9,85.9,.26,10.18,7,17.2,11.1,13.5,14.4,13.9,14.2,1.5,.8,222,57,7,2,1.4,1.5,1.24,10.2
2004,24,6,15.8,8.4,11.3,100,67.6,91.3,.13,5.74,1,14.9,11.2,12.8,14.5,14.1,14.3,1.4,.8,142,52,3.7,.9,.3,1,1.21,9.8
2004,25,6,15.6,7.8,11.1,96.5,49,78.9,.31,8.12,0,13.9,10.3,11.7,14.3,13.9,14.1,2.9,2.2,228,41,8.4,.7,1.2,1.7,1.03,7.3
2004,26,6,14.7,1.8,7.7,90.4,25.1,59.7,.48,14.82,0,14.1,6.6,10,14,13.2,13.6,1.5,.7,335,59,4.5,.3,2.4,1.8,.61,-.3
2004,27,6,16.9,-1.1,6.5,99.6,28.7,72.8,.38,14.54,0,14,5.4,9.3,13.4,12.7,13.1,.8,.2,214,69,3.6,.9,2,1.6,.65,.9
2004,28,6,15.7,1.5,8,99.1,32.2,72.1,.39,10.96,0,13.1,6.8,9.7,13.1,12.6,12.8,1.2,.4,310,66,7.4,.6,1.5,1.5,.73,2.5
2004,29,6,18.4,.2,8.7,100,34.6,74.6,.41,14.77,0,15.6,6.3,10.4,12.9,12.3,12.6,1.2,.8,176,45,2.8,1.4,2.2,1.8,.8,3.6
2004,30,6,20,1.1,9.9,99.1,33.3,71.4,.49,14.73,0,16.5,7.2,11.4,13.1,12.5,12.8,1,.1,73,77,3.7,2,2.3,1.9,.81,4
2004,31,6,17.3,4.5,11.2,89,35.2,60.1,.6,11.08,0,15.4,8.8,11.7,13.4,12.9,13.1,2.5,1.7,239,45,8.6,1.2,2.3,2.3,.77,3.2
2004,32,6,16.2,2,9.1,73.8,16.4,42.9,.74,15.77,0,16.2,8.1,11.6,13.3,12.8,13.1,1.5,.7,308,60,4.1,.7,2.9,2.2,.46,-3.9
2004,33,6,19,-2.4,7.8,88.9,14.4,53.2,.67,15.57,0,15.8,6.5,10.7,13.3,12.6,12.9,1.2,.3,35,68,4.7,1.5,2.7,2.1,.5,-2.8
2004,34,6,16.1,3.9,8.9,86.4,32.1,64.7,.43,8.93,0,13.8,9.1,10.8,13.2,12.7,12.9,1.7,.2,65,76,8.4,.7,1.4,1.8,.73,2.3
2004,35,6,16.3,3.4,10,86.3,26.2,55.3,.61,15.81,0,15.8,7.7,11.3,13,12.5,12.8,2.6,2.1,252,35,7.7,.8,3.2,2.6,.65,.7
2004,36,6,17,-.3,8.4,81,22.8,53.4,.61,15.95,0,16,7.3,11.3,13.1,12.5,12.8,1.8,1,284,55,10.3,.9,3.1,2.3,.56,-1.3
2004,37,6,17.4,-1.9,7.4,96.3,20.4,59.8,.56,16.26,0,16.2,6.9,11.1,13.1,12.4,12.7,1,.1,283,77,3.6,1,2.6,1.9,.56,-1.4
2004,38,6,20.2,-1.4,9.3,85.7,17.4,46.1,.82,16.37,0,16.4,6.6,11.1,13,12.3,12.7,1.2,.2,276,73,4.9,2,3.2,2.3,.47,-3.6
2004,39,6,17.3,-.5,9,70.2,14.1,36.5,.84,17.07,0,16.3,7.2,11.4,13.2,12.4,12.7,1.6,.8,276,59,5.8,1,3.6,2.6,.38,-6.6
2004,40,6,18.5,-2.1,7.8,72.8,13.6,41.8,.76,16.69,0,16.2,6.6,11,13,12.3,12.7,1.2,.4,208,64,4,1.3,3,2.3,.39,-6.1
2004,41,6,19.1,-1.4,8.9,70.6,14.9,39.8,.83,16.78,0,16.7,7.3,11.6,13.1,12.4,12.7,1.4,.7,218,59,4,1.6,3.2,2.5,.41,-5.4
2004,42,6,19.1,-.8,8.7,68.9,15.5,39.2,.83,16.94,0,16.7,7.4,11.6,13.2,12.5,12.8,1.9,1.2,222,47,6.7,1.6,3.5,2.9,.39,-6
2004,43,6,16.9,-2.4,8.3,70.8,15.5,34,.83,17.2,0,16.1,7,11.2,13.1,12.4,12.8,2.1,1.3,334,52,6.9,.9,3.8,2.9,.34,-8
2004,44,6,15.2,-2.1,7.2,47.6,10.5,25.5,.83,17.69,0,15.9,6.6,10.9,13,12.3,12.6,1.7,.9,346,57,5.8,.4,3.5,2.7,.24,-12.3
2004,45,6,18,-1.9,7.8,60.1,11.2,32.9,.85,14.78,0,15,6.7,10.7,12.8,12.2,12.5,1.5,.4,190,71,4.8,1.2,2.9,2.7,.31,-9.1
2004,46,6,21.5,-1.5,10,64.7,8.8,30.8,1.04,17.6,0,17.3,7.3,11.8,12.8,12.1,12.5,1.3,0,254,80,4,2.4,3.6,2.8,.32,-8.6
2004,47,6,23.8,0,11.3,61.2,10.7,33.4,1.09,15.36,0,17.2,8,12.4,13.2,12.4,12.7,.9,.1,179,76,3.4,3.3,3.1,2.5,.4,-5.9
2004,48,6,26.9,1.5,13.4,68.4,13,38.8,1.18,16.43,0,18.9,9,13.6,13.4,12.6,13,1.1,.3,344,71,4.3,4.8,3.5,3,.54,-1.9
2004,49,6,28.5,4.6,16.1,68.1,13,36.9,1.42,14.45,0,19.1,10.4,14.5,13.9,13.1,13.5,1.8,.8,215,61,13.6,5.9,3.6,3.9,.6,-.4
2004,50,6,19.4,10,14.4,64.9,34.2,48.2,.89,16.13,0,20.4,13.2,16.1,14.4,13.8,14,2.7,1.8,257,48,12.6,2.6,3.7,3.4,.78,3.4
2004,51,6,17.5,8.3,12.7,80,39.2,57.9,.66,7.27,0,16.2,12.7,14.5,14.8,14.3,14.5,.9,.3,101,65,4.7,1.5,1.1,1.6,.83,4.3
2004,52,6,21,8.2,14.4,77.5,23.8,54.1,.84,16.28,0,19.9,11.8,15.3,14.6,14,14.3,2.3,1.6,193,45,8.8,3,3.6,3.2,.85,4.6
2004,53,6,17.9,6.5,12.5,90.3,35.9,58.5,.64,11.32,0,17.5,11.8,14.5,14.9,14.4,14.6,2.8,.6,145,71,7.9,1.5,2.4,2.7,.84,4.2
2004,54,6,14.7,8,10.9,100,61,89.2,.16,10.22,20,15.6,11.8,13.5,14.7,14.2,14.5,2.2,1.5,146,46,8.1,.5,1.2,1.5,1.16,9.1
2004,55,6,17.3,6,11.1,100,47.7,85.9,.25,16.36,3,17.5,10.3,13.3,14.4,13.8,14.1,1.4,.7,226,57,5.6,1.3,2.5,2.1,1.11,8.5
2004,56,6,19.4,4.1,11.4,100,38.6,81.8,.35,18.41,0,18.4,9.1,13.4,14.4,13.6,14,.7,0,189,78,2.8,1.9,2.8,2.2,1.06,7.8
2004,57,6,23.8,4.5,13.5,100,27.6,71.8,.61,17.83,0,18.4,9.5,13.7,14.5,13.8,14.1,1.3,.5,160,65,5.4,3.8,3.2,2.8,1.04,7.5
2004,58,6,15.2,6.2,11.9,89.8,36.1,66.1,.5,5.55,0,13.9,10.5,12.7,14.5,14.2,14.4,2.3,1.8,218,39,7.7,.6,.9,1.7,.91,5.3
2004,59,6,16.2,3.3,10.1,93,29.1,56.8,.61,15.81,0,16.1,8.2,11.7,14.2,13.5,13.8,2.4,1.9,250,36,9.4,.8,3.1,2.7,.67,1.1
2004,60,6,18.6,3.4,10.5,84.8,24.5,58.1,.65,18.71,0,18.3,8.4,12.7,13.9,13.3,13.6,2.5,1.5,202,52,8.1,1.6,3.7,3.2,.68,1.5
2004,61,6,19.2,3.4,11.2,89.2,23.9,56.6,.69,15.61,0,17.6,9.3,13.3,14.1,13.5,13.8,1.3,.6,118,62,4.6,1.8,2.8,2.6,.71,2
2004,62,6,19.5,6,12.4,98.3,27.2,64.4,.59,12.29,3,17.2,10.5,13.4,14.1,13.6,13.9,2.9,1.4,102,57,8.2,2.1,2.7,2.9,.9,5.2
2004,63,6,15.1,8.6,11.6,99.7,66.2,87.9,.19,11.87,1,16.5,11.4,13.7,14.2,13.9,14,1.8,1.2,210,46,7.3,.6,1.4,1.7,1.19,9.5
2004,64,6,15.4,8.8,11.6,97.6,66.6,87.8,.18,6.24,0,14,11.6,12.6,14.2,13.9,14.1,4.1,3.8,172,23,9.1,.8,.6,1.5,1.2,9.6
2004,65,6,19.2,8.3,13.1,99.4,38.9,79.2,.38,16.64,3,18.6,11.2,14,14.1,13.6,13.9,1.6,.4,245,69,6.3,2.2,2.8,2.5,1.15,9
2004,66,6,22.2,4.8,13.2,100,33,74.9,.54,20.31,0,20.5,9.9,14.7,14.5,13.8,14.2,1.1,.2,322,75,4,3.1,3.5,2.9,1.07,7.9
2004,67,6,28.2,6.5,16.9,100,26.3,66.4,.94,20.84,0,23.1,11.4,16.7,15.2,14.3,14.6,1.2,.8,27,48,5,6,4.3,3.6,1.17,9.3
2004,68,6,31.5,9.6,19.9,89,17.5,53,1.42,21.18,0,24.9,13.3,18.6,16,15.1,15.4,1.3,.8,32,48,5.7,8.2,4.9,4.2,1.1,8.4
2004,69,6,33.8,9.2,20.7,91.7,11.2,50.9,1.66,21.39,0,25.5,14.5,19.6,16.7,15.9,16.2,2,1.4,63,44,8.2,8.6,5.8,5.3,1.05,7.6
2004,70,6,31.9,10.4,21.1,81.2,17,46.8,1.66,20.69,0,23,15.3,19,17.1,16.5,16.8,1.1,.5,35,60,5,8.5,4.8,4.1,1.04,7.5
2004,71,6,30.3,11.9,20.9,85.5,21.1,50.7,1.47,18.24,0,21.6,15,18,17.4,16.7,17.1,2.3,1,36,59,8.6,8.4,4.8,4.8,1.15,9
2004,72,6,27.6,15.6,21.2,68.4,28.7,48,1.4,20.58,0,24.6,15.3,19.2,17.4,16.8,17.1,2.9,2.2,73,41,9,8.8,5.3,5.2,1.17,9.3
2004,73,6,26.1,13.7,19.1,85.2,33.6,62.5,.92,16.96,0,24.4,16.5,19.6,17.7,17.2,17.5,2.1,1,142,60,6.8,7.1,3.7,3.8,1.34,11.3
2004,74,6,29.3,9.8,19.2,93.6,25.5,58.5,1.17,21.57,0,26.3,15.5,20.4,18.1,17.4,17.7,1.2,.4,188,67,4.2,7.3,4.6,4,1.21,9.7
2004,75,6,31.2,9.3,20,87.9,12.3,47.4,1.57,22,0,26.6,15.8,20.8,18.5,17.7,18.1,1.2,.2,228,75,4.5,7.9,5.1,4.3,.96,6.3
2004,76,6,32.1,8.7,20.5,77.9,12.9,42.2,1.73,22.22,0,27,16.2,21.1,18.8,18,18.4,1.1,.1,63,76,4.4,8.2,5.2,4.3,.89,5.2
2004,77,6,31.9,9.1,20.1,73.9,7.5,40.4,1.77,22.61,0,26.9,16.2,21.1,19.1,18.2,18.7,1.2,.1,228,77,5.7,8.2,5.3,4.5,.81,3.6
2004,78,6,32,7.7,19.8,72.1,8.4,36.8,1.83,20.67,0,25.8,15.9,20.6,19.2,18.3,18.8,1.1,.2,345,73,3.3,7.8,4.8,4.2,.72,2.2
2004,79,6,33.7,8.1,20.9,75.9,9.1,35.5,2.03,22.61,0,27.1,16,21.1,19.2,18.3,18.8,1.1,.3,5,70,3.5,8.4,5.6,4.6,.73,2.4
2004,80,6,34.2,10.3,21.6,74.7,10,37.9,1.98,17.61,0,25.4,16.9,21,19.4,18.6,19,1.1,.3,37,71,3.6,9.1,4.4,4.1,.85,4.5
2004,81,6,35.3,10.6,24,76.3,18.4,38.7,2.26,18.98,0,26.1,17,21.5,19.5,18.7,19.1,4.2,3.8,79,25,11.1,9.3,7.5,7.9,1.05,7.5
2004,82,6,32.4,19,25.5,52.7,24.2,37.5,2.15,22.68,0,27.9,19.3,23.1,19.7,19.1,19.4,4.2,3.9,81,19,11.8,12.5,7.7,7.5,1.19,9.5
2004,83,6,33,14.3,23.9,76.9,16.7,42.8,1.96,17.09,0,24.5,19.3,21.8,20.2,19.6,19.9,1.7,.3,172,72,8.1,10.4,4.6,4.7,1.16,9
2004,84,6,32.8,14.3,24.3,62.8,13.1,31.6,2.32,21.91,0,23.7,16.2,19.7,20.1,19.3,19.7,2,1.1,197,55,6.7,10.3,6.3,5.7,.88,5.1
2004,85,6,31.6,14.9,22.9,59.4,14.9,34.9,2.04,22.89,0,25.3,16.2,20.3,19.8,19.1,19.4,1.6,.7,201,60,5.9,10.3,5.9,5.2,.89,5.3
2004,86,6,28.6,12.3,20.8,65.5,12.2,35.9,1.78,23.47,0,25.6,16,20.5,19.9,19.1,19.5,3.2,2.4,230,40,9.7,7.7,7,6.3,.8,3.6
2004,87,6,28.9,11.5,20.4,63.8,13.7,34.6,1.75,23.69,0,26.8,16.6,21.2,19.9,19.2,19.5,2,1,234,55,6.6,7.6,6,5.3,.76,2.9
2004,88,6,30.5,9,19.9,66.4,8.4,31.4,1.9,24.57,0,26.5,16.2,21,20.1,19.2,19.6,1.8,1.2,9,47,7.1,7.7,6.5,5.5,.62,-.1
2004,89,6,34,9.1,21.8,49,6.7,22.5,2.39,24.55,0,26.4,16.1,20.9,20.1,19.2,19.6,2.7,2.3,54,28,10,8.6,7.9,7.2,.51,-2.6
2004,90,6,35.3,11.1,24.7,49.8,7.8,21.6,2.87,24.07,0,26.3,17,21.3,20.1,19.3,19.7,2.3,1,147,102,9.4,9.5,7.7,6.9,.56,-1.2
2004,91,6,32.9,15.2,23.3,67,10.9,30.6,2.21,21.36,0,23.6,16,19.4,20.3,19.4,19.8,3.1,2.5,137,36,12.6,10.8,6.8,7.1,.81,3.1
2004,92,6,29.6,12.2,20.2,82.4,18.8,54.9,1.34,22.1,0,23.8,16,19.5,19.9,19,19.5,3.6,3,182,34,18,8.2,6.2,6.1,1.17,9
2004,93,6,17.7,10,13.9,92.6,50.3,78.8,.35,11.73,6,18.9,14.9,17.3,19.6,19.1,19.4,3.9,3.5,152,27,10.9,1.8,2.2,2.4,1.25,10.1
2004,94,6,20.1,10.4,14.1,93.7,38.7,68.8,.56,18.6,0,20.3,14.2,16.6,19.1,18.2,18.6,2,.8,188,63,8.9,2.9,3.5,3.4,1.07,7.9
2004,95,6,21.8,9.4,13.6,96.1,34.8,76.9,.44,15.16,19,21.4,14.1,16.6,18.6,17.8,18.3,1.8,.8,208,62,11.3,3.6,2.6,3.1,1.15,9
2004,96,6,23.5,9.4,16,97.3,31.6,69.7,.69,23.22,0,23,13.6,17.8,18.3,17.6,18,1.1,.1,73,77,4.5,4.4,4.4,3.8,1.2,9.6
2004,97,6,27,11.6,19.2,92.6,26.7,59.7,1.1,23.55,0,24.3,15.4,19.5,18.7,18.1,18.3,1,.2,281,74,5.6,6.7,4.9,4.2,1.23,9.9
2004,98,6,27.8,12.1,19.3,84.4,20.4,53.9,1.23,23.27,0,26.5,15.9,20.6,19.2,18.5,18.8,1.9,.5,334,69,9,7.3,5.4,5,1.11,8.3
2004,99,6,27.3,10.1,18.9,91.4,18.3,52.4,1.28,25.38,0,27.5,16.2,21.4,19.7,19,19.3,1.3,.5,240,61,6.1,6.5,5.6,4.6,1.02,7.1
2004,100,6,28.8,14.6,21.2,75.3,17,40.7,1.7,22.17,0,27.5,18.2,22.4,20.1,19.5,19.7,2,1.1,236,54,7.3,8.9,5.8,5.4,.93,5.6
2004,101,6,30.3,14.1,21.7,64.5,9.6,34.3,1.89,23.17,0,27.7,18.1,22.4,20.5,19.7,20.1,3.5,2,256,53,11.8,9.4,7.2,7.1,.81,3.2
2004,102,6,26.1,12.1,18.8,59.1,10.6,30.9,1.63,24.72,0,26.6,17.4,21.5,20.5,19.8,20.2,2.7,1.9,353,44,9.5,6.3,6.7,6,.61,-.2
2004,103,6,28.4,8.1,18.6,67.8,11.3,34.3,1.65,26.41,0,27.7,16.4,21.7,20.6,19.6,20.1,1.3,.4,115,66,6.5,6.5,6.1,5,.65,.6
2004,104,6,32.5,8.6,21.3,68.8,7.8,29.8,2.18,26.73,0,28.9,17.1,22.6,20.7,19.7,20.2,1.3,.3,228,71,5.8,8.1,6.7,5.5,.62,-.1
2004,105,6,32.7,11.6,22.2,46.9,5.2,21.3,2.42,27.38,0,29.5,18.1,23.3,21,20.1,20.5,2.3,1.4,195,49,7.4,9.2,7.8,7,.48,-3.6
2004,106,6,33.1,9.3,22.3,46.9,5.4,17.7,2.54,27.74,0,28.8,17.6,22.9,21.3,20.2,20.8,2.7,1.8,189,46,8.6,8.4,8.4,7.6,.41,-5.5
2004,107,6,32.5,12.4,22.9,49.2,8.8,22.8,2.41,26.22,0,28.1,18.4,22.4,21.3,20.5,20.9,2.9,2.2,184,39,9.1,9.3,8.2,7.5,.58,-.8
2004,108,6,29.5,11,20.9,53.6,8.8,28.1,1.96,27.21,0,21.6,16.2,19.1,21.5,20.3,20.8,5.3,4.5,204,31,14.6,7.6,9.8,8.7,.64,.4
2004,109,6,24.2,7.8,16.4,64.3,6.6,31,1.42,28.32,0,25.9,14.3,19.6,20.5,19.5,20,2,.8,276,62,8.3,4.5,6.4,5.4,.52,-2.8
2004,110,6,27.2,6.8,17.5,54.3,10.6,27,1.69,27.73,0,26.6,15,20.5,20.5,19.5,19.9,2.3,1.4,259,51,8.4,5.7,7.2,6.1,.47,-3.6
2004,111,6,28.5,8.8,19.4,44.3,8.2,23.2,1.93,26.65,0,27.1,16.2,21.3,20.5,19.6,20,1.8,.5,249,70,6.1,6.7,6.8,5.8,.47,-3.6
2004,112,6,30.3,10.3,21.2,44.1,10.1,24.4,2.16,27.83,0,27.8,16.9,22.1,20.6,19.8,20.1,3,2.4,230,38,10.1,7.9,8.4,7.4,.56,-1.3
2004,113,6,28,13,20.9,51.7,9.6,23.3,2.02,27.98,0,27.2,18,22.2,20.8,20.1,20.4,4.1,3,259,41,11.4,7.7,9,8,.53,-2.5
2004,114,6,28.1,8.5,19.7,49,11.6,25.3,1.9,28.52,0,28.1,17.2,22.3,21,20,20.4,1.7,.9,304,56,6.9,6.4,7.1,5.7,.53,-2
2004,115,6,30.5,10,21,59.4,8.2,29.1,2.04,28.33,0,29.3,18,23.2,21.1,20.2,20.5,1.4,.4,314,67,5.8,7.8,7,5.7,.63,.1
2004,116,6,34.2,9.8,23,59.6,7.6,24.2,2.52,27.84,0,30.2,18.5,24,21.3,20.5,20.9,1.3,.1,306,76,6.1,9,7.2,6,.57,-1
2004,117,6,36.5,14,26.1,39.4,5.1,17.6,3.11,25.23,0,29.6,20.1,24.5,21.7,21,21.3,2.8,2.4,40,31,9.4,10.9,8.6,8.3,.53,-2.1
2004,118,6,35.5,15.1,26.9,35.1,7.9,17.3,3.21,27.69,0,31.6,20.2,25.4,22,21.2,21.6,2,.6,52,67,7.8,11.3,8.3,7.2,.56,-1.4
2004,119,6,36.1,18.1,26.9,39.5,7.7,22,3.02,26.85,0,31.3,21.5,26,22.4,21.8,22,4,3.1,198,39,12.1,12.7,9.6,9.7,.71,1.9
2004,120,6,29.2,14.4,23.3,38.3,7.8,20.6,2.37,28.01,0,28.9,21.5,24.8,22.6,21.9,22.2,5.2,3.5,230,46,14,9,10.2,9.2,.56,-1.9
2004,121,6,28.7,10.5,20,46.6,8.1,20.2,2.06,28.96,0,29.4,18.5,23.6,22.6,21.4,22,1.5,.6,300,65,7.1,7.2,7.3,5.8,.42,-5.2
2004,122,6,32.3,11.4,22.5,54,7,22.4,2.43,29.29,0,30,18.9,24.1,22.4,21.3,21.8,1.9,1.2,27,51,8.8,8.9,8.1,6.8,.52,-2.4
2004,123,6,34.3,12.3,24.5,53.2,7,21.7,2.77,29.22,0,30.5,19.7,24.8,22.5,21.5,21.9,2.6,2,69,39,8.4,9.8,9,7.9,.57,-1
2004,124,6,36.9,12.9,26.1,46.3,5.1,19.7,3.17,29.48,0,31.7,20.2,25.6,22.6,21.8,22.2,1.9,.9,68,60,8.1,10.5,8.8,7.5,.56,-1.5
2004,125,6,38.5,14.1,27.4,42.6,5.2,17.4,3.5,29.48,0,33,20.9,26.6,22.9,22.2,22.5,1.7,.5,241,67,6.1,11.3,8.5,7.3,.52,-2.4
2004,126,6,37.7,17.3,28.5,32.7,6.4,14.4,3.64,29.28,0,33.2,22.1,27.4,23.4,22.7,23,2.3,.9,241,62,9,12.6,9.2,8.2,.51,-2.5
2004,127,6,37,16,27.9,39.5,7.1,17.2,3.42,29.28,0,33.7,22.6,27.8,23.8,23,23.4,1.7,.8,236,59,5.4,12,8.5,7.2,.57,-1
2004,128,6,38.2,16.1,27.9,47.7,7.7,18.9,3.41,29.7,0,32.6,22.7,26.9,24.2,23.4,23.8,1.7,.6,257,66,5.4,12.2,8.6,7.4,.63,.3
2004,129,6,38.6,18,29.5,42.4,7.6,17.4,3.72,26.92,0,28.7,20.9,24.4,24.4,23.5,24,1.7,1,257,51,5.6,13.1,8,7.2,.63,.4
2004,130,6,38.6,18,29,38.5,8,18.2,3.59,27.91,0,31.6,19.2,25,23.9,23,23.5,2.1,1.1,218,57,5.4,13,8.5,7.9,.66,.9
2004,131,6,38.3,19,28.9,32.2,9,18.8,3.54,28.66,0,32.5,21.5,26.8,24,23.2,23.6,3.8,3.1,215,33,10.1,13.5,10.4,10.3,.69,1.6
2004,132,6,34.2,19.2,26.7,42,12,22.5,2.86,29.8,0,32.3,22.7,27.1,24.4,23.7,24,3.8,2.9,220,40,9.4,13,9.9,9.4,.75,2.8
2004,133,6,30.9,15.1,23.6,40.4,10,21.8,2.4,29.92,0,31.1,21.9,26.3,24.5,23.6,24,3.1,2.3,249,40,10.9,10.2,9,8,.61,-.3
2004,134,6,33.2,11,23,36.8,6.7,19,2.56,30.76,0,31.8,20.5,25.9,24.4,23.2,23.8,1.6,.6,227,65,6.1,9,8,6.7,.47,-3.7
2004,135,6,35.7,13.3,25.2,44.9,5.2,17.6,3.02,30.06,0,32.5,21.2,26.6,24.2,23.3,23.8,1.3,.3,228,71,4.9,10.5,8,6.6,.49,-3.3
2004,136,6,37.8,13.7,26.8,36.2,5.3,16.6,3.34,29.98,0,33.3,21.8,27.3,24.4,23.5,23.9,1.6,.7,213,60,5.7,11,8.4,7.3,.5,-2.9
2004,137,6,37.6,17,27.9,31.4,4.7,14.3,3.53,28.73,0,33.3,23,27.9,24.6,23.9,24.2,2,1.1,182,54,6.2,12.5,8.5,7.8,.48,-3.3
2004,138,6,37.8,17.7,28.1,25.7,6.8,13.5,3.55,28.38,0,32.2,22.9,27.4,25,24,24.4,3.4,2.5,186,41,10.4,12.8,10,9.8,.49,-3.1
2004,139,6,36.5,15.9,27.1,41.4,8.9,19.2,3.19,30.04,0,33.5,22.8,27.9,24.9,24.1,24.4,1.7,.6,233,64,6.5,11.8,8.5,7.3,.63,.3
2004,140,6,38.6,17.5,27.8,39.1,6.2,20.8,3.35,29.88,0,34,23.4,28.4,25.1,24.3,24.7,2.5,1.9,193,39,10.3,12.8,9.3,8.8,.68,1.4
2004,141,6,35.3,19.3,27.4,31,9.9,19,3.18,26.3,0,31.8,23.9,27.7,25.3,24.4,24.8,3.2,1.7,202,55,8.3,13.2,8.9,8.8,.65,.8
2004,142,6,34,15.9,25.7,38.7,7,17.5,2.94,30.04,0,31.8,21.9,26.1,25.1,24.4,24.7,3.2,2.1,209,47,9.6,11.3,9.6,8.9,.53,-2.4
2004,143,6,32.8,13.2,23.3,38.2,7.8,17.1,2.61,31.22,0,26.9,17.6,22,25,23.5,24.2,2.2,.9,231,62,8.4,9.8,8.8,7.6,.44,-4.4
2004,144,6,34.8,13.6,24.8,37,6.4,15.9,2.96,30.63,0,29.5,16.8,22.8,23.9,22.7,23.2,2.9,2.1,202,42,10.1,10.4,9.6,8.8,.43,-4.8
2004,145,6,35.5,14.9,25.4,26.7,7.6,14.1,3.05,30.97,0,32,19.3,25.4,23.7,22.9,23.2,2.8,2.1,201,42,8.8,11.2,9.7,8.9,.44,-4.7
2004,146,6,34,17.9,25.9,32.4,6.9,16.8,2.96,21.77,0,30,21.8,25.5,23.9,23.3,23.6,2.5,2,196,37,9,12.3,7.1,7.4,.52,-2.3
2004,147,6,34.3,12.8,25.4,48.2,3.5,18.9,2.9,31.36,0,31.9,21.1,26.4,24.2,23.3,23.6,2.4,1.7,226,42,11.1,9.9,9.4,8.1,.54,-2.1
2004,148,6,34.1,15.1,25,41.4,8.8,21.9,2.73,30.62,0,33.1,21.5,27.1,24.3,23.5,23.9,1.8,1.2,176,48,5.4,11,8.2,7.2,.62,.2
2004,149,6,37,15.7,26.8,44.7,7,21,3.15,30.6,0,31.9,21.6,26,24.6,23.9,24.2,3.2,2.1,202,48,10.7,11.8,9.9,9.5,.63,.2
2004,150,6,33.5,16.6,25.5,46.2,14.2,26.7,2.57,30.23,0,25.6,18.3,21.8,24.5,23.1,23.8,3,2.1,238,46,9.6,11.6,9.2,8.4,.84,4.3
2004,151,6,36.6,17,27.5,53.9,8.3,26.5,3.02,30.81,0,30.7,18.6,24.3,23.5,22.7,23.1,2.1,1.1,217,56,6.5,12.3,8.8,7.9,.85,4.3
2004,152,6,39.5,17.9,29.8,39.1,5.5,17.7,3.82,31.4,0,33.5,21.4,27.1,24,23.3,23.6,1.7,.9,230,55,5.3,13.1,9.1,7.9,.64,.4
2004,153,6,41,19.2,30.8,34.2,4.9,15.6,4.13,31.44,0,34.6,23.2,28.6,24.8,24,24.4,1.8,.9,207,56,6.5,13.8,9.5,8.3,.62,.1
2004,154,6,41.7,17.6,31.2,39.7,6,17,4.26,31.17,0,35.4,23.9,29.4,25.4,24.7,25,1.7,.8,173,58,5.1,13.2,9.2,8.1,.67,1.1
2004,155,6,42.8,18.2,32,43.4,4.4,16.8,4.49,31.03,0,35.8,24.8,30.1,26,25.2,25.5,1.7,.7,215,62,5.3,13.6,9.3,8.2,.66,.6
2004,156,6,42.7,18.4,31.6,40.7,3.9,15.2,4.51,30.99,0,35.6,25.1,30.3,26.4,25.6,25.9,2,1.1,260,56,7.8,13.7,9.8,8.8,.59,-.7
2004,157,6,42.6,19.2,31.8,38.9,5.8,17.4,4.42,31.16,0,36.1,25.4,30.6,26.7,25.8,26.1,1.8,.7,237,64,8,13.9,9.5,8.4,.69,1.5
2004,158,6,41.9,21.7,32.7,33.7,6.1,15.9,4.57,31.37,0,36.6,25.9,31.1,26.8,26.1,26.4,2.5,1.5,175,50,6.6,14.8,10,9.5,.7,1.6
2004,159,6,40.9,20.1,30.8,37.9,4.9,17.1,4.06,31.62,0,35.8,26.1,30.8,27.2,26.4,26.7,2.9,2.5,179,30,8.8,14.1,10.6,10,.67,.9
2004,160,6,38.9,19.7,30,38.1,9.3,19.7,3.7,31.12,0,35,25.3,30,27.2,26.3,26.7,3.4,2.8,184,33,9.4,13.9,10.5,10.2,.78,3.3
2004,161,6,35.7,17.2,27.4,39.4,9.5,19.3,3.13,30.91,0,34,25,29.3,27.2,26.2,26.6,3.4,2.6,233,39,10.8,12.3,10.3,9.6,.67,.9
2004,162,6,33.8,13.9,24.7,42.7,8,21,2.73,31.17,0,33.6,23.4,28.2,26.9,25.7,26.3,2,1,219,58,7.6,10.3,8.7,7.5,.58,-.8
2004,163,6,36.2,15.7,26.3,43.2,7.3,19.7,3.09,31.53,0,32,23.1,27.1,26.5,25.6,26,1.8,1.1,178,50,5.7,11.7,8.7,7.7,.59,-.6
2004,164,6,38.5,16.6,28.2,43.8,4.4,18.7,3.52,31.4,0,28.7,20.3,24.3,26.3,25,25.6,1.9,.8,206,61,6.9,12.4,9.2,8,.6,-.6
2004,165,6,40.3,17.3,30.4,37,5.1,15.2,4.09,31.36,0,32.6,19.5,25.7,25.5,24.5,24.9,1.8,.9,187,59,5.6,12.9,9.3,8.2,.57,-1
2004,166,6,41.2,18.4,31.2,29.7,3.3,11.5,4.4,31.89,0,34.9,22.7,28.6,25.6,24.9,25.3,2.1,1.1,216,56,5.5,13.5,10,9,.45,-4.2
2004,167,6,40.6,17.7,30.4,36.3,4.6,15.3,4.09,31.63,0,35,24,29.4,26.3,25.5,25.8,2.6,1.9,196,43,6.9,13.2,10.2,9.5,.58,-.7
2004,168,6,38.2,19.7,29.9,39.3,6.9,18.9,3.7,29.7,0,34.9,25.1,29.8,26.6,25.9,26.2,2.6,1.4,199,55,8.8,13.8,9.6,8.9,.72,2.2
2004,169,6,39.5,19.1,30.6,47.1,8.1,21,3.84,30.95,0,35.9,25.1,30.2,26.9,26.1,26.4,1.9,.8,184,62,6.5,13.6,9.2,8.2,.81,3.9
2004,170,6,40.6,20.6,30.8,40,5.1,19,3.94,31.23,0,34.3,24.7,29.2,27.1,26.5,26.7,2.7,2.3,176,30,7.7,14.3,10.2,9.6,.75,2.6
2004,171,6,40.7,18.4,29.5,38,6,19.5,3.83,31.16,0,27.8,21.4,24.7,27,25.5,26.3,3.5,2.7,191,38,12.9,13.5,11.3,10.8,.7,1.8
2004,172,6,40.7,16,29.1,32.1,3.9,15.5,3.88,31.79,0,33.2,20.3,26.5,26,25,25.4,2.4,1.5,210,49,10,12.5,10,9.2,.54,-2.1
2004,173,6,39.2,15.7,29.5,44,5.7,16.5,3.85,31.52,0,35,22.8,28.7,26.2,25.4,25.7,1.6,.7,189,62,4.7,12.2,9,7.7,.59,-.7
2004,174,6,39.4,18.4,30.2,43.2,8.3,18.8,3.83,30.61,0,35.8,24.5,30,26.6,25.9,26.2,2,.8,192,62,7.7,13.3,9.1,8.2,.73,2.2
2004,175,6,38.8,20.5,30.5,57.3,12.2,29.6,3.39,29.12,0,36.4,26.2,31.1,27.1,26.4,26.7,2.2,.9,129,61,12.1,14.1,8.6,8.2,1.17,9.2
2004,176,6,40.9,21.5,32.3,56.3,9.7,25.1,4.02,29.02,0,36.9,27,31.8,27.6,26.9,27.2,2,1.2,232,52,7.2,14.7,8.9,8.3,1.06,7.5
2004,177,6,41.7,22.4,33.4,36.8,8,17.4,4.59,29.99,0,37.7,27.5,32.4,28,27.4,27.6,2.4,1.3,241,54,7.1,15.1,9.7,9.2,.81,3.7
2004,178,6,42,20.4,33.2,37.7,5.6,13.7,4.72,28.39,0,37.7,27.6,32.3,28.4,27.5,27.9,2,.9,239,59,6.2,14.3,9,8.4,.62,.1
2004,179,6,40.7,22,32.4,34.5,7.5,15.7,4.39,28.16,0,37.4,28.1,32.4,28.6,27.9,28.2,2.2,1.2,190,55,7.1,15,9,8.6,.71,1.9
2004,180,6,40,21.2,31.4,43.6,5.8,14.9,4.21,30.24,0,36.7,27.4,31.9,28.7,28,28.3,2.8,2,207,44,10.5,14.5,10.3,9.7,.61,-.3
2004,181,6,39,20.5,30.6,30.7,4.7,14.9,4.02,31.17,0,36.3,27.1,31.5,28.8,27.9,28.2,2.8,2.1,186,42,8.7,14.2,10.4,9.5,.58,-.8
2004,182,6,38.7,17.5,28.5,39.6,3.9,15.8,3.64,31.71,0,35.3,25.9,30.5,28.7,27.6,28.1,3,2.5,186,31,10.6,12.9,10.6,9.8,.53,-2.2
2004,183,6,39.6,13.5,28,47.7,4.3,17.1,3.6,31.86,0,35.9,24.5,30,28.4,27.2,27.8,1.5,.6,192,61,4.8,11.2,8.8,7.5,.52,-2.4
2004,184,6,39.9,16,29.1,40.4,4.9,16.3,3.85,31.6,0,34.5,24.9,29.1,28.2,27.2,27.6,1.5,.7,191,59,4.3,12.3,9,7.7,.54,-1.9
2004,185,6,40.2,17.3,29.2,32.5,3.6,13.9,3.9,31.79,0,28.9,20.5,24.7,27.9,26.3,27.1,2.4,1.7,188,43,7.8,12.9,10,9.3,.48,-3.4
2004,186,6,39.5,15.6,28.8,44.7,4.3,14.1,3.8,31.9,0,33,19.4,25.8,26.7,25.5,26.1,1.6,.7,176,62,5.3,12.1,9.1,7.8,.49,-3.4
2004,187,6,40.5,17.5,30.2,44,4.3,18.2,4.01,31.11,0,35.2,22.9,28.8,26.7,25.9,26.2,1.6,1.1,184,46,5.3,13,9,7.8,.63,0
2004,188,6,42.1,19.5,31,45.5,3.5,20.2,4.13,29.32,0,35.7,24.8,30.1,27.2,26.4,26.8,1.7,1,202,50,4.4,14.1,8.6,7.9,.74,1.9
2004,189,6,41.1,22.1,32.7,47,7.2,18.6,4.38,27.46,0,36.1,26.3,30.9,27.7,26.9,27.2,2.1,1.2,210,54,5.2,15,8.7,8.4,.8,3.5
2004,190,6,41.2,23.5,32.7,44.3,10.7,22.1,4.19,29.54,0,37.2,27.2,31.9,28,27.3,27.6,2.3,1.2,199,56,7.6,15.5,9.4,8.8,1,6.8
2004,191,6,37.9,24.8,31.1,62.7,18.2,34.8,3.12,17.23,0,33.9,28.3,30.8,28.3,27.6,27.9,1.9,.4,157,72,5.8,15.8,5.1,6.1,1.49,12.9
2004,192,6,42.1,22.5,33.2,61.5,12.2,31.7,3.97,28.85,0,37.6,27,32.1,28.2,27.5,27.8,1.8,.7,156,64,7.9,15.2,8.6,8.1,1.41,12
2004,193,6,42.6,25.1,34.5,54,13.5,28.6,4.27,28.7,0,38.8,29,33.7,28.8,28.1,28.4,1.6,.7,173,61,5.6,16.1,8.5,7.8,1.43,12.3
2004,194,6,44.3,26.9,34.8,51.1,11.5,30,4.25,26.11,0,39.1,30.1,34.2,29.3,28.5,28.9,2.5,1.2,175,57,15.9,16.7,8.7,9.1,1.53,13.1
2004,195,6,41,23.4,33.7,84.7,19.3,39.7,3.51,27.62,1,39.2,30.6,34.6,29.7,29.1,29.3,2.9,1.8,204,50,16.1,15.4,8.6,8.9,1.91,16.6
2004,196,6,35.6,23.7,29.6,92,32.7,59,1.92,25.03,0,36.7,29,32.8,30,29.1,29.5,2.2,.9,235,63,14.1,15.2,6.6,6.6,2.32,19.8
2004,197,6,38.7,26,32.5,67.7,23.8,42.8,2.99,26.57,0,38.8,29.4,33.7,29.7,29.1,29.3,1.6,1,258,52,5.8,16.2,7.4,7.1,2,17.4
2004,198,6,40.4,27.7,33.3,63.2,16,38.7,3.3,23.32,0,37.8,28.8,32.9,30,29.4,29.7,2.5,1,268,62,10.9,16.8,7.5,7.9,1.92,16.8
2004,199,6,41,23.5,32.9,73.8,17.5,39.5,3.45,25.65,0,32.5,26.5,29.3,29.9,28.9,29.4,1.8,.9,258,56,5.7,15.5,7.6,7.3,1.78,15.5
2004,200,6,42.8,26,35,59,14.1,32.2,4.14,27.05,0,36.6,26,30.9,29.2,28.4,28.8,1.8,.7,213,62,9.5,16.4,8.3,7.9,1.67,14.5
2004,201,6,43,26.3,34.8,57.6,13.8,33,4.09,26.34,0,39,28.5,33.4,29.6,28.9,29.2,2.6,1.8,212,44,12.1,16.4,8.5,8.9,1.68,14.6
2004,202,6,43.6,26.3,35.2,57.4,12.1,28.9,4.36,27.52,0,39.5,30.1,34.6,30.1,29.5,29.8,1.7,.8,168,60,6.1,16.5,8.5,7.9,1.53,13.2
2004,203,6,43.2,26.9,35.1,58.4,13.9,30.8,4.28,27.43,0,39.5,30.4,34.7,30.7,29.9,30.2,2.5,1.8,236,42,7.2,16.6,9.1,9,1.58,13.6
2004,204,6,41.3,26.2,34.1,58,13.4,32.8,3.79,16.84,0,35.7,30.6,33.2,30.9,30.1,30.4,3.3,2.7,238,34,10.3,16.4,6.9,8.3,1.66,14.4
2004,205,6,39.5,28.2,33,56.2,20.4,37.2,3.28,20.3,0,37,30.2,33,30.4,29.7,30.1,2.8,.7,208,70,10.2,16.9,6.9,7.8,1.82,15.9
2004,206,6,40,25.6,32.3,63.7,18.2,38.7,3.21,27.52,0,39.1,29.9,34,30.5,29.7,30,2,.5,95,71,13.6,16.1,7.9,7.8,1.77,15.5
2004,207,6,40.7,23.1,31.8,82.1,17.1,44.1,3.07,27.61,2,39,29.4,33.8,30.7,29.8,30.2,2.5,.5,79,72,16.5,15.3,8.3,8.3,1.86,16.2
2004,208,6,38.2,23.7,31.6,84.4,20.1,44.4,2.86,26.59,0,38.7,28.7,33.5,30.7,29.9,30.2,2.3,.5,29,71,7.6,15.4,7.7,7.5,1.93,16.8
2004,209,6,40.2,23,31.2,79.7,21.4,46.1,2.72,24.97,22,39.4,30,33.8,30.8,29.7,30.3,2.3,.3,148,75,29.8,15.3,7.3,7.6,1.96,17.1
2004,210,6,39.3,23,30.7,85.6,14.8,50,2.55,27.46,0,33.1,27,30,30.6,29.4,30,2.1,.8,176,64,6.9,15.2,7.7,7.6,2.03,17.5
2004,211,6,39.6,22.7,31.4,80.4,14,40.5,3.11,27.61,0,36.4,25.6,30.5,29.6,28.8,29.2,2,1.3,191,49,5.4,15.1,7.8,7.6,1.67,14.3
2004,212,6,42.2,22.7,33.2,66.3,11.3,29.8,3.96,27.63,0,38.1,27.4,32.5,29.7,29.1,29.4,1.9,.9,207,60,5,15.2,8.2,8,1.35,11.1
2004,213,6,41.8,22.5,33.3,60.5,10.5,27.5,4.08,26.94,0,38.5,28.6,33.2,30.2,29.4,29.8,2,1,219,57,6.3,15.2,8.4,8,1.25,9.8
2004,214,6,40.8,24,33.4,58.3,13.2,30.5,3.85,26.07,0,38.7,29.3,33.8,30.5,29.8,30.1,3.3,2.7,154,34,11.5,15.7,8.9,9.4,1.45,12.4
2004,215,6,38.9,24.8,32,54.3,18.7,36.3,3.21,26.32,0,38.8,29.8,34,30.7,30.1,30.3,2,1.5,168,40,6.7,15.8,7.8,7.5,1.66,14.4
2004,216,6,40.7,24.3,33.3,60.6,18.9,32,3.71,26.97,0,35.9,29.8,32.6,30.9,30.4,30.6,2,1.3,198,48,5.6,15.8,8,7.7,1.56,13.5
2004,217,6,39.1,24.4,32.9,46.9,13.1,26.5,3.88,19.74,0,30.9,25.9,28.5,31,29.7,30.3,2,1,189,57,5.2,15.7,6.5,6.8,1.25,10.1
2004,218,6,39.3,25.1,32.9,59.7,18.3,31.8,3.57,19.35,0,34.1,25.2,29.2,29.8,28.9,29.4,1.8,.2,263,76,7.5,16,6.1,6.4,1.52,13.1
2004,219,6,36.5,23.4,29.5,90.3,27.5,54.3,2.03,15.4,1,33.5,27.4,30,29.6,29,29.3,2.1,.3,177,76,7.3,15.1,4.6,5.2,2.17,18.7
2004,220,6,41.4,22.9,32.3,83.9,16.7,44,3.17,26.55,0,38.3,27.2,32.3,29.6,29,29.2,1.4,.3,262,73,6.1,15.3,7.4,6.9,1.88,16.3
2004,221,6,44,25.5,34.7,64.2,8.6,32.3,4.24,26.97,0,39.4,29.2,34,30.2,29.5,29.9,1.8,.5,209,69,5.8,16.3,8.2,8,1.56,13.3
2004,222,6,42.7,26.9,34,55.9,12.9,32.8,3.96,24.84,0,39.3,30,34.3,30.9,30.2,30.4,3,1.3,162,61,12.9,16.6,8.4,9.1,1.6,13.9
2004,223,6,42.9,23.3,34,69,11.9,30.5,4.11,26.52,0,39.7,30,34.6,31.1,30.3,30.7,1.6,.4,94,71,8.6,15.5,7.9,7.4,1.44,12.2
2004,224,6,42.8,24.5,33.8,74.3,14.8,35.9,3.78,26,0,39.7,30.4,34.8,31.3,30.6,30.9,2.6,1,238,64,13.5,15.9,8.4,8.7,1.72,14.9
2004,225,6,39.3,25.9,32.6,59.7,17.3,34.4,3.37,15.61,0,35.5,30.9,33.2,31.5,30.7,31,2.5,1,224,62,8.4,16.2,5.4,6.7,1.63,14.2
2004,226,6,38.3,22,30.2,89.5,22.9,46.5,2.67,19.2,0,35.4,27.3,31.1,31.1,30.4,30.7,3.1,1,187,66,18.7,14.7,6,7.2,1.8,15.7
2004,227,6,31.4,21.5,25.7,88.9,39.2,67.3,1.17,10.02,0,28.8,25.5,26.9,30.7,29.1,29.9,1,.2,202,73,4,13.5,2,2.9,2.17,18.8
2004,228,6,37.7,22.1,28.8,87.1,22.9,57.5,2.04,25.28,0,32.3,25,28.2,29.2,28.3,28.8,1.7,.2,142,75,16.5,14.7,6.6,6.5,2.08,17.9
2004,229,6,36.2,21.9,27.9,91.6,29.8,62.5,1.65,22.62,2,33.3,25.4,28.6,29,28.4,28.7,2.5,1.1,105,61,16.2,14.5,6,6.4,2.22,19.1
2004,230,6,38.1,21.3,29,94.6,21.8,59.3,2.02,24.54,1,35.2,25.5,29.8,29,28.4,28.7,1.7,.3,298,73,11.1,14.4,6.5,6.3,2.16,18.6
2004,231,6,38.7,21.7,29.8,86.9,16.3,49.3,2.54,25.35,0,36.6,26.5,31.1,29.3,28.8,29,2.6,.4,133,74,13.1,14.6,7.5,7.5,1.84,15.9
2004,232,6,36.4,21,28.5,79.2,18.7,48.1,2.34,22.75,0,35.8,27.1,31.1,29.7,29.1,29.4,1.7,.9,33,55,5.4,14.1,6.2,6,1.7,14.7
2004,233,6,38.5,21.3,29.8,79.4,10.7,38.5,3.01,25.36,0,37.1,27,31.7,29.9,29.1,29.5,1.4,.6,162,60,5.1,14.5,7.1,6.3,1.39,11.2
2004,234,6,37.8,19.3,29,69.5,10.1,33.4,3.06,25.29,0,36.7,27.3,31.7,30,29.3,29.6,1.9,1.6,170,35,6.6,13.6,7.4,6.9,1.17,8.8
2004,235,6,38.4,18,28.8,62.2,12.2,30.7,3.12,25.45,0,35.9,26.5,31,30.1,29.2,29.6,2.6,2,183,38,8.8,13.1,8.1,7.8,1.08,8
2004,236,6,36.9,21.1,29,58.2,14.3,35.2,2.88,24.55,0,35.5,26.8,30.9,29.9,29.1,29.5,3,2.5,188,32,9.2,14.2,8.1,7.9,1.31,10.8
2004,237,6,35.8,22.9,27.9,62.3,19,45.9,2.17,16.97,0,33.8,27.6,30.4,29.7,29,29.4,2.6,2.2,172,33,11.9,14.8,5.3,6.1,1.67,14.6
2004,238,6,37.8,19.5,28.7,77.7,13.9,42.6,2.61,25.33,0,32.8,26.2,29,29.5,28.7,29.1,2.2,1.9,168,34,7.5,13.6,7.4,7.1,1.52,12.9
2004,239,6,38.7,18.5,28.6,57.5,10.6,29.6,3.18,25.77,0,30.3,22,26.2,29.1,27.9,28.6,1.9,1.6,164,32,5.3,13.3,7.3,7,1,6.8
2004,240,6,39.9,18.7,29.4,52.2,8.9,26.5,3.44,25.83,0,33,21.5,26.9,28.3,27.4,27.9,1.6,.6,180,63,5.5,13.5,7.4,6.7,.95,6.1
2004,241,6,39.3,20.1,30,58.5,10.2,29.6,3.4,25.56,0,35.3,24.1,29.4,28.3,27.8,28,1.7,.7,152,62,6.6,14,7.4,6.7,1.1,8.1
2004,242,6,39.6,19.7,30.1,65.6,12.5,32.9,3.29,25.08,0,36.4,25.7,30.7,28.9,28.2,28.5,1.4,.4,180,67,5,13.9,7.1,6.3,1.25,10.1
2004,243,6,41.2,20.4,31,58.7,10.8,31.9,3.56,24.79,0,36.8,26.6,31.4,29.3,28.6,28.9,1.3,.4,177,67,7.9,14.3,7.1,6.3,1.25,10
2004,244,6,42.6,20.2,31.4,58.9,9.4,28.9,3.81,24.82,0,34.2,27.1,30.2,29.6,29,29.2,1.5,.4,141,69,6.8,14.4,7.3,6.7,1.13,8.6
2004,245,6,40.7,21.6,31.1,54,13.4,30.4,3.46,24.31,0,31.7,24.4,27.7,29.5,28.5,29,1.5,.3,162,72,5.8,14.7,7,6.4,1.28,10.5
2004,246,6,40.5,23.1,32.1,52.3,14.1,30.4,3.58,23.75,0,33.6,23.9,28.4,29,28.1,28.5,2.6,2.1,178,36,11.4,15.3,7.9,7.9,1.38,11.6
2004,247,6,37.7,26.7,31.3,54.9,22.4,40.3,2.86,22.63,0,33.2,26.5,29.2,29,28.5,28.7,4.4,3.8,194,29,11.5,16.4,8.5,9,1.79,15.7
2004,248,6,33.7,23.1,28.3,74.6,26.1,48.2,2.1,16.95,0,28.7,24.4,26.3,29,28,28.5,2.6,1.7,232,47,8,14.7,5.1,5.6,1.81,15.5
2004,249,6,35.1,18.3,26.7,86.3,12.9,43.1,2.29,24.97,0,31.2,22.4,26.2,28.1,27.3,27.7,1.3,.3,316,73,5.9,12.7,6.5,5.5,1.37,11
2004,250,6,37.5,16,26.8,64.6,9.4,32.7,2.83,24.76,0,33.4,22.2,27.3,28,27.1,27.5,1.2,.1,276,77,5.2,12,6.7,5.6,.98,6.4
2004,251,6,40.9,17.7,30,58.7,12.2,32.5,3.42,23.65,0,31.7,23.9,27.8,28.1,27.4,27.7,2.5,1.2,125,58,9.9,13.2,7.8,7.7,1.22,9.5
2004,252,6,40.1,23.3,31.8,67.2,9.7,34.9,3.43,23.13,0,30.6,24.8,27.2,28.1,27.5,27.8,1.9,.1,53,78,7.1,15.3,7.2,6.7,1.47,12.2
2004,253,6,40.2,23.3,31.6,64,10.4,32.5,3.49,23.24,0,32.5,24.3,28.1,28,27.5,27.7,1.5,.7,174,57,5.7,15.4,6.9,6.1,1.36,10.9
2004,254,6,41.1,19.5,29.9,64.9,10.8,35.4,3.11,22.99,0,30.9,23.5,27.2,28.4,27.6,28,1.3,.4,197,66,5.2,14,6.4,5.8,1.37,11.5
2004,255,6,42,21.1,31.1,63,10,33.1,3.55,23.15,0,33,23.2,27.7,28.1,27.3,27.7,1.2,.6,201,54,4.3,14.7,6.5,5.7,1.29,10.4
2004,256,6,41.4,21.3,31.4,58.8,12.9,34.8,3.4,21.24,0,35.2,24.7,29.5,28.3,27.7,28,1.7,1.1,197,48,10,14.6,6.4,6.3,1.44,12.3
2004,257,6,39.7,22.3,31,66.2,13.7,36.9,3.25,22.83,0,35.7,26.4,30.7,28.8,28.2,28.5,2.9,2.3,190,36,7.9,14.9,7.7,7.7,1.48,12.5
2004,258,6,38.9,20.5,29.7,55.2,11.6,31.2,3.16,23.16,0,35.4,25.9,30.3,29.1,28.4,28.7,2.4,1.4,181,52,6.7,14.2,7.3,7.2,1.21,9.6
2004,259,6,38.1,19.6,28.6,56.1,12.4,31.7,3,23.3,0,32.6,26,28.9,29.2,28.4,28.8,1.7,.9,169,57,6.8,13.7,6.7,6.1,1.12,8.5
2004,260,6,39,19.1,28.9,70.7,15.4,38.3,2.86,22.61,0,30.5,23.2,26.7,28.8,27.8,28.3,.8,.3,193,61,4,13.6,5.8,4.7,1.38,11.6
2004,261,6,38.4,17.6,28.6,58.3,10,29.4,3.18,22.32,0,31.7,22.2,26.6,28.3,27.3,27.8,1,.4,188,61,4.5,12.9,5.9,4.8,1,6.8
2004,262,6,36.3,21,26.7,94.2,24,55.5,1.81,14.89,21,32.1,24.4,27.2,28,27.3,27.7,3.4,3,129,29,13.6,14.1,4.6,6.3,1.82,15.7
2004,263,6,30.9,21.3,26,89.7,44.4,70.3,1.08,15.77,2,27.3,23.9,25.5,27.8,27.1,27.5,4.2,3.9,159,21,11.3,13.2,4.7,4.7,2.31,19.7
2004,264,6,30.5,18.1,23.9,92.1,21.2,53.5,1.54,21.94,0,29.7,21.9,25.2,27.2,26.5,26.9,2.1,1.4,228,47,8.7,11.5,5.8,5.1,1.5,12.4
2004,265,6,29.8,11.7,20.9,78.2,9.7,39.4,1.73,22.92,0,29.7,20,24.5,27.1,26,26.6,1.6,.7,273,59,5.7,8.1,5.7,4.7,.86,4.4
2004,266,6,30.9,11.2,20.9,86.3,10.8,44.3,1.71,22.59,0,30.2,19.9,24.6,26.7,25.7,26.2,1.2,.2,283,74,4.8,8.4,5.3,4.4,.94,5.5
2004,267,6,33.7,11.9,22.1,82.3,8.8,43.9,1.92,22.4,0,30.7,20.3,25.1,26.6,25.6,26.1,1,.3,222,65,3.3,9.4,5.2,4.3,.96,5.9
2004,268,6,36.2,13,24,80.8,10.7,41.5,2.25,21.99,0,30.1,21.1,25.1,26.6,25.4,26,.9,.6,199,51,4.4,10.4,5.3,4.4,1.02,6.9
2004,269,6,37,14.3,25.7,75.3,8.5,34.8,2.57,21.73,0,28.1,20.2,23.9,26.4,25.4,25.9,2,.9,107,61,9.4,11.1,6.1,6,.98,6.4
2004,270,6,34,18.9,26.1,61.1,18.4,37,2.31,21.38,0,29.1,20,24,25.9,25.1,25.6,3,2.7,70,26,9.1,12.8,6.7,6.6,1.19,9.4
2004,271,6,36.5,15.9,25.6,78.5,11.2,43.2,2.23,21.11,0,30.2,21.6,25.6,26,25.2,25.6,.9,.2,220,73,4.2,11.8,5.2,4.3,1.25,10.1
2004,272,6,36.1,18.1,26.5,64.2,15.3,39,2.41,17.01,0,26.9,21.4,24.1,26.3,25.5,25.8,1.8,.9,158,57,9.4,12.7,5.1,5.1,1.24,10
2004,273,6,33.9,18.2,25.9,53,8.7,25.5,2.69,21.21,0,27.3,20.1,23.4,25.8,25.1,25.5,3.8,3.4,177,26,9.8,12.4,8,7.8,.77,3
2004,274,6,30.9,15.1,22.5,61.6,13.6,37.7,1.9,21.06,0,29.2,19.8,24,25.6,24.8,25.2,1.7,1,161,53,5,10.1,5.4,4.8,.95,6.2
2004,275,6,32.8,14.1,22.4,77.5,11.9,42.8,1.83,20.57,0,29.6,20.6,24.6,25.7,24.8,25.3,1.3,.2,97,73,5,10.2,5.1,4.4,1.05,7.3
2004,276,6,34.3,12.1,23.1,69.5,12.9,37.4,2.16,19.95,0,29.6,20.4,24.7,25.8,24.8,25.3,1,.3,194,68,3.7,9.6,4.9,4.1,.92,5.6
2004,277,6,35.5,15.5,24.4,67.1,10.1,36.2,2.3,20.45,0,30.6,21.3,25.5,25.7,24.9,25.4,1.3,.6,184,57,4,11.5,5.3,4.6,.97,6.3
2004,278,6,34.5,13.7,23.7,68.7,11.3,37.4,2.16,20.41,0,29.6,21.3,25,25.9,24.9,25.4,1,.3,154,67,3.6,10.4,5,4,.98,6.6
2004,279,6,34.3,15.1,23.8,61.4,11.4,34.4,2.21,18.73,0,26.6,19.5,22.9,25.7,24.8,25.2,.8,.7,180,35,3.9,11,4.4,3.7,.91,5.5
2004,280,6,35.8,12.3,23,69.6,11,35.6,2.21,19.99,0,26.3,18.6,22.2,25.3,23.9,24.8,1,.3,198,68,3.5,10,4.9,4.1,.86,4.6
2004,281,6,35.1,12.9,23.2,73,9.3,34.4,2.27,20.01,0,27.9,18.6,22.7,25,24,24.5,1,.2,227,74,3.3,10.2,5.1,4,.84,4.4
2004,282,6,35.9,12.6,23.2,63.8,9.1,33.5,2.34,20.06,0,28.6,19.2,23.5,25,24.1,24.6,1,.4,188,63,4.6,10.2,5.1,4,.8,3.6
2004,283,6,36.5,12.4,24,72.6,9,31,2.54,19.67,0,28.8,19.8,24,25.1,24.2,24.7,1.8,.7,146,63,7.2,10.1,5.9,5.4,.77,3
2004,284,6,34.1,16,24.7,51.9,10.4,25.5,2.52,17.32,0,28.2,21.2,24.3,25.1,24.5,24.8,3.2,2.5,178,39,11.4,11.4,6.4,6.7,.73,2.4
2004,285,6,30.9,12.9,22.1,70.9,14.5,39.8,1.82,19.26,0,28.4,20.4,24,25.1,24.3,24.7,1.6,.5,160,67,6.6,9,5,4.2,.97,6.4
2004,286,6,34.1,13,23.7,64.7,14.2,37,2.12,18.64,0,27.7,20.5,23.7,25,24,24.6,1.6,.1,215,77,9.5,10,5.1,4.5,1,6.9
2004,287,6,32.9,15.9,24.3,69.5,16.7,37,2.1,18.6,0,26.2,19.4,22.4,24.8,24,24.4,1.8,.7,260,63,5.2,11.1,5.1,4.6,1.06,7.5
2004,288,6,31.3,12.9,21.8,56.6,11.4,29.2,2.08,19.29,0,24.4,17.5,20.6,24.5,23.4,24,2.4,1.8,52,39,11.1,9.1,5.9,5.3,.69,1.7
2004,289,6,33.5,10.1,20.9,66.3,10.1,35.5,1.96,17.3,0,26,17.1,21.1,24,22.9,23.5,1,.4,201,63,3.3,8.9,4.2,3.5,.76,2.9
2004,290,6,33.3,12.6,23.3,61.5,13.3,31.5,2.23,16.74,0,26.9,18.6,22.5,23.8,23.1,23.4,1.5,.6,163,61,6,9.6,4.6,4.2,.82,4.1
2004,291,6,28.2,18.5,23.3,60.2,22.6,39.2,1.8,17.08,0,27.5,21.3,23.8,23.9,23.5,23.7,2.8,2,234,45,7.2,10.6,5.1,4.9,1.09,8.1
2004,292,6,25.8,12.1,19.2,74.4,28.1,50.3,1.19,12.35,0,24.9,19.7,22.1,24.1,23.4,23.8,1.6,1,199,50,6.9,6.2,2.9,3,1.08,8.1
2004,293,6,27.7,11.9,19.3,76.3,28.4,53,1.21,16.53,0,26,18.4,21.9,23.8,23,23.4,1.9,1.3,162,43,5.7,7.1,3.8,3.6,1.13,8.8
2004,294,6,29.4,13.3,21.6,75.4,20.2,46.6,1.53,17.64,0,24.7,19.2,21.5,23.7,22.7,23.2,3.7,3.1,179,33,9.4,8.6,5.6,5.4,1.13,8.7
2004,295,6,25.2,12.6,17,95.4,36.6,72.5,.62,9.13,8,20.1,16.8,18.7,23.1,22.5,22.8,3.9,2.3,178,52,17.5,6.1,2.4,3.5,1.36,11.5
2004,296,6,21.2,8.2,14.5,99.4,31.8,75.3,.52,17.3,0,21.8,14.9,17.9,22.5,21.4,21.9,1.1,.1,298,76,4.3,3.1,3,2.4,1.18,9.3
2004,297,6,25.3,6.3,14.8,97.9,25,68.6,.73,17.34,0,21.9,13.9,17.6,21.7,20.9,21.4,.9,0,114,79,2.7,4.7,3.1,2.5,1.06,7.8
2004,298,6,26.4,8,16.8,93.3,31.5,63.4,.91,16.75,0,21.7,14.5,18,21.5,20.7,21.1,1.3,.2,276,74,4.6,5.5,3.4,2.9,1.13,8.7
2004,299,6,27.4,12.9,19.5,85.9,36.5,61,1.02,14.43,0,23,16.2,19.2,21.4,20.8,21.1,1.4,.4,187,67,5.6,7.4,3.1,2.9,1.33,11.2
2004,300,6,28.4,14.3,20.6,86,23.9,56.1,1.24,16.24,0,24.2,17.8,20.6,21.6,21,21.3,1.9,1.4,186,43,6.3,8.6,4,3.6,1.27,10.3
2004,301,6,25.9,14.4,20.1,80.3,34.1,56.2,1.12,14.1,0,20.7,17.4,18.9,21.8,21.2,21.5,4.5,4,191,26,13.2,7.4,4.6,4.5,1.28,10.6
2004,302,6,18.9,9.7,13.4,97.9,51.9,84.7,.28,3.95,12,17.9,14.7,16.8,21.4,20.7,21.1,2.8,.2,240,78,8.1,2.3,.4,1.6,1.27,10.5
2004,303,6,18.9,8.1,12.5,99.6,47.9,83.4,.3,13.47,0,19.6,13.8,16,20.7,19.8,20.2,1.3,.5,321,61,4.7,2.1,2,1.9,1.18,9.3
2004,304,6,21.4,6.4,13.2,97,37.7,74.5,.5,15.78,0,20.2,12.6,16,20.1,19.4,19.8,1.2,.5,226,60,3.7,2.9,2.6,2.2,1.09,8.1
2004,305,6,21.8,7,14.3,95.2,26.7,63.2,.73,15.02,0,19.9,12.7,16,20,19.2,19.6,2,1.4,243,46,5.7,3.2,3,2.7,.97,6.4
2004,306,6,19.5,7.9,13.6,52.9,11,27.5,1.19,16.16,0,18.9,12,15.1,19.6,18.9,19.3,3.7,3.4,327,25,8.8,2.3,4.8,4.4,.4,-5.9
2004,307,6,21,4.5,12.3,72.5,12.9,34.6,1.04,16,0,20.4,11.2,15.7,19.3,18,18.7,1.4,.9,2,50,5.2,2.6,3.4,2.7,.46,-4.2
2004,308,6,23.4,2.4,11.8,88.1,13.5,52.2,.9,15.83,0,17.9,10.7,14.2,18.8,17.9,18.4,1,.3,143,67,4.6,3.4,3,2.4,.62,0
2004,309,6,28.7,2.6,13.7,89.1,10.7,52.6,1.07,15.72,0,18.8,10.2,14.2,18.4,17.5,18,.7,.2,257,66,2.7,5.7,3,2.4,.7,1.7
2004,310,6,29.4,6.2,16.4,83.5,11.2,46.5,1.33,12.11,0,17.8,11.6,14.6,18.3,17.5,17.9,1.6,.7,61,60,6.7,6.6,3.1,3.3,.73,2.4
2004,311,6,28.5,11.4,20,72.9,12.5,39.2,1.63,9.5,0,19.2,13.2,16,18.2,17.6,17.9,2.2,1.5,102,45,8.8,7.3,3.2,3.8,.85,4.4
2004,312,6,21.5,15.5,17.9,95.5,48,76.3,.51,4.28,1,18.6,16.4,17.4,18.6,18,18.4,2.1,1.1,294,55,9.7,5.8,.6,1.7,1.55,13.4
2004,313,6,21.9,11.4,16.8,98.4,34.6,76.2,.53,12.11,1,20.8,16.2,18,19,18.5,18.7,1.7,1,242,52,9.9,4.1,2.2,2,1.41,11.9
2004,314,6,20.9,8,13.9,97.2,41.4,75.8,.47,14.17,0,21,13.6,17.2,19.1,18.4,18.8,1.2,.5,215,64,4,3,2.3,2,1.16,9.1
2004,315,6,22.2,6,13.6,96.2,32.4,71.3,.58,13.77,0,20,13.6,16.6,19.1,18.4,18.7,1,.4,192,63,3.4,3.3,2.3,1.9,1.06,7.7
2004,316,6,25.1,5,14.4,93.8,20.6,61.8,.83,14.76,0,19.7,12.1,15.6,18.8,18,18.4,.8,.1,335,75,2.6,4.4,2.6,2,.93,5.8
2004,317,6,21.2,10.4,13.9,86.3,32.6,66.1,.6,8.01,8,17.7,13.8,15.2,18.5,17.9,18.3,2.2,.6,187,69,9.4,3.5,1.5,2.4,1.02,7.2
2004,318,6,19.8,6.9,12.8,96,38.9,74.2,.45,13.57,0,18.5,11.8,14.9,18.2,17.5,17.9,1.5,.3,39,71,4.4,2.4,2.2,1.9,1.06,7.8
2004,319,6,21,9.3,15.2,83.6,29.7,53.9,.88,12.33,0,16.9,12.8,14.6,18,17.5,17.8,4.2,3.5,62,31,11.1,3.2,3.7,3.6,.89,5.2
2004,320,6,19,8.2,13.8,93.9,43.7,69.1,.53,6.37,0,15.8,12.1,13.9,17.8,17.2,17.5,2.8,2,58,44,12.6,2.2,1.4,2,1.08,7.9
2004,321,6,22.1,7.1,14.1,99.3,38.7,75,.52,13.28,0,19.5,12.1,15.3,17.5,16.9,17.2,.8,.1,172,73,3.4,3.3,2.1,1.7,1.15,9
2004,322,6,22.5,7.4,14.4,92.4,35.3,68.4,.63,12.66,0,20.6,12.5,16.3,17.7,17,17.4,1.3,.5,221,62,4.7,3.6,2.3,2,1.08,8
2004,323,6,23.3,7.7,14.9,91.3,33.2,66.7,.69,12.83,0,19.7,13.6,16.4,18,17.5,17.7,1.1,.5,203,57,3.7,4.1,2.3,1.9,1.08,8.1
2004,324,6,23.7,7,14.5,93.5,31.2,65.3,.73,13.13,0,19,12.4,15.4,18,17.3,17.7,1.2,.5,188,62,4,4,2.3,2.1,1.01,7.2
2004,325,6,22.8,5,13.8,91.3,28.5,61.5,.75,11.24,0,17.8,11.7,14.6,17.9,17.2,17.5,1,.2,140,72,3.3,3.4,1.9,1.8,.91,5.6
2004,326,6,19.7,12.3,16.2,81.2,47.1,61.5,.74,7.76,0,16.9,13.7,15.1,17.6,17.2,17.4,4,3.5,194,28,9.9,3.3,2.4,2.8,1.12,8.6
2004,327,6,15.5,7.6,11.1,95.9,61.6,77.6,.31,4.71,5,14.9,11.8,13.9,17.5,17.1,17.3,2.7,1,248,64,8,.7,.6,1.5,1.02,7.3
2004,328,6,15.2,5.7,9.8,93,51.2,76.8,.32,12.39,0,17.2,10.1,13.4,17.1,16.3,16.7,2.2,1.6,246,43,6.1,.5,1.8,1.6,.92,5.7
2004,329,6,18,6,10.9,96.2,45,76.6,.37,11.62,0,17.1,11.7,14,16.7,16.2,16.4,.9,.2,172,69,3.7,1.6,1.6,1.4,.97,6.5
2004,330,6,19.1,2.9,10.1,98.5,36.7,75.7,.41,12.55,0,16.7,9.6,12.8,16.5,15.8,16.2,1.1,.5,192,60,3.7,1.8,1.8,1.5,.89,5.3
2004,331,6,18.9,2.8,10.2,97.9,38.3,74.4,.42,11.91,0,16,9.3,12.4,16.2,15.6,15.9,1.4,.5,236,66,5.2,1.7,1.8,1.6,.89,5.3
2004,332,6,20.5,2.5,11,97.3,31.4,68.8,.55,12.11,0,16.3,9,12.4,15.9,15.2,15.6,1,.2,199,74,3.6,2.3,1.9,1.6,.85,4.5
2004,333,6,17.2,5.2,12.1,87.3,18.3,48.5,.75,12.36,0,16.3,10.5,13,15.8,15.5,15.7,3.5,3.2,270,23,9.6,1.2,3.3,2.8,.69,.3
2004,334,6,12.7,1,6.1,68.4,18,43.2,.59,12.41,0,14,7.3,10.2,15.7,14.8,15.2,1.7,.8,295,58,5.4,0,2.2,1.9,.38,-6.3
2004,335,6,13.9,-4.1,4,83.5,14.8,48.6,.53,12.62,0,13.2,5.4,8.8,14.9,14,14.4,1,.1,158,79,4.2,.1,1.9,1.4,.35,-7.7
2004,336,6,15.8,-2.5,4.6,77.8,16,51.4,.53,11.61,0,13.1,5.6,8.7,14.1,13.4,13.8,1.2,.5,178,63,3.7,.6,1.8,1.6,.39,-6
2004,337,6,17.7,-3.8,5.1,84.6,16.5,51.4,.58,12.24,0,13.1,4.9,8.6,13.7,13,13.4,.9,.5,200,55,2.9,1,1.9,1.5,.4,-5.7
2004,338,6,19.9,-2.5,7.1,84.8,16.1,51,.67,11.99,0,13.8,5.5,9.2,13.5,12.8,13.2,1.1,.4,219,67,3.9,1.8,2.1,1.8,.46,-4
2004,339,6,10.9,1.8,5.8,98.5,45,82.4,.16,1.73,3,9.6,7.6,8.7,13.4,12.9,13.2,1.5,.8,171,56,8.4,0,0,.6,.77,2.9
2004,340,6,14.6,.8,7.4,100,56.6,91.8,.12,6.07,2,11.7,6.7,9.2,13.1,12.6,12.9,1.5,.6,46,65,6.1,.3,.4,.9,.95,6
2004,341,6,12.6,5.5,8.6,98.3,71.8,90.4,.11,4.05,1,11.9,9.3,10.4,13.1,12.8,13,2.1,1.4,176,47,8.1,0,0,.8,1.01,7.1
2004,342,6,14.3,4.3,9.4,99.5,60,86.2,.2,7.81,0,13.4,8.2,10.7,13.2,12.9,13,.7,.1,46,73,2.9,.2,.7,.9,1.01,7
2004,343,6,17.9,5.7,10.6,97.8,49.3,83.4,.27,11.05,0,15.3,9.3,12,13.6,13.1,13.3,1.1,.7,148,51,4,1.5,1.4,1.3,1.04,7.6
2004,344,6,17.8,3.6,10.1,99.7,52.9,84.2,.26,11.22,0,15.4,8.7,11.7,13.8,13.3,13.6,1,.4,206,64,3.7,1.3,1.4,1.2,1.02,7.2
2004,345,6,22.5,3.2,11.5,99.7,36.7,80.5,.4,11.56,0,16.1,8.7,12.1,14,13.4,13.7,.7,.2,224,70,2.6,3.1,1.6,1.4,1.06,7.6
2004,346,6,25.3,4.2,12.9,98,26.1,72.1,.64,11.98,0,16.7,9.1,12.5,14.2,13.5,13.9,.9,.3,167,69,3.1,4.3,2,1.7,.99,6.7
2004,347,6,23.4,3.6,12.4,98.2,34.3,74.9,.52,11.8,0,16.8,9.3,12.7,14.4,13.7,14.1,.8,.1,190,78,2.6,3.6,1.7,1.5,1.02,7.2
2004,348,6,22.8,4.5,12.7,98.4,30.8,73.5,.56,11.59,0,17.1,9.6,13,14.5,13.9,14.2,.9,.2,264,71,4,3.4,1.8,1.5,1.01,7.1
2004,349,6,21.1,7.2,14.1,92.8,19,43.4,1.01,11.79,0,16.2,10.7,12.9,14.6,14.1,14.4,4.4,4.2,68,19,12.3,3,4.2,4,.64,.4
2004,350,6,20.5,2.8,10.5,86.4,22.6,56.8,.68,11.77,0,15.9,8.6,11.9,14.6,13.8,14.2,1.1,.3,356,70,3.8,2.3,2.1,1.7,.67,1.1
2004,351,6,19.9,1.6,11.4,91.3,20.2,52.1,.81,11.62,0,14.7,8.1,11.3,14.3,13.7,14,3.1,2.7,14,30,9.6,2,3.2,2.9,.62,.2
2004,352,6,19.8,4.2,11.9,76.9,16.3,41.8,.92,11.87,0,15.2,8.9,11.6,14.1,13.5,13.8,2.4,1.8,24,39,6.9,2.1,3,2.7,.53,-1.9
2004,353,6,20.6,.2,9.6,88.7,19.8,54.9,.7,11.74,0,15.1,7.4,10.9,14,13.2,13.6,1.2,.5,25,64,4.2,2.1,2.1,1.8,.6,-.3
2004,354,6,23.3,1.6,11.8,81.2,11.9,43.7,.99,11.98,0,15.2,7.5,11,13.8,13,13.4,2.1,1.4,44,46,10,3.4,3.1,3,.52,-2.2
2004,355,6,22.3,.9,9.6,77.6,18.4,53,.74,11.67,0,15.1,7.3,10.9,13.6,12.8,13.3,.9,.3,166,68,3,2.8,1.9,1.6,.58,-.8
2004,356,6,18.1,2.6,9,86.1,27.5,61.8,.52,7.28,0,13.4,8.5,10.5,13.5,12.9,13.2,1.3,.6,233,59,3.8,1.4,1,1.6,.68,1.4
2004,357,6,15.4,.2,7.7,90.4,24.3,54.9,.56,10.78,0,13.4,6.9,9.8,13.3,12.7,13,1.4,.5,344,63,5.1,.5,1.8,1.6,.54,-1.7
2004,358,6,14.2,-2.9,6.4,86.6,13.5,41.9,.68,11.83,0,12.5,5.5,8.8,12.9,12.3,12.6,2.6,2,350,39,8.9,.2,2.8,2.4,.34,-8.6
2004,359,6,13.5,.4,6.3,55.7,9.5,24.6,.77,12.06,0,12.2,6,8.6,12.5,12,12.3,2.6,1.8,358,45,6.9,.1,2.8,2.6,.22,-13.6
2004,360,6,15.7,-3.8,4.5,78.3,15.4,45,.58,11.97,0,12.4,4.4,7.8,12.2,11.5,11.8,1,.2,187,72,3.7,.5,1.9,1.5,.34,-8
2004,361,6,17.9,-2.3,6.8,80.5,18.9,50.8,.62,9.61,0,11.9,4.8,8.2,11.9,11.3,11.6,1.4,1,167,44,4.4,1.1,1.7,1.9,.46,-4
2004,362,6,18.7,4.3,9.9,77.1,21.1,53.2,.65,6.32,0,12.4,7.7,9.7,11.9,11.5,11.7,1.1,.3,173,70,4.3,1.7,1,1.6,.62,.1
2004,363,6,22,5.3,12.3,94.5,31.6,64,.57,7.65,0,14.1,8.5,11.1,12.2,11.6,11.9,1.7,.7,129,63,6.2,3.1,1.4,2,.92,5.1
2004,364,6,19.9,11.4,15.5,98.4,53,85,.29,5.65,11,15.4,12,13.4,13.1,12.2,12.6,3.9,2.8,178,42,11.3,3.1,.9,1.6,1.49,12.8
2004,365,6,19.3,9,12.5,100,53.4,90.7,.17,9.72,0,17.2,11.9,13.8,13.6,13,13.2,.8,.3,15,67,3.1,2.4,1.1,1.2,1.3,10.8
2004,366,6,15.5,5.5,10.1,99.4,72.4,91.2,.13,5.92,1,14,9.8,11.9,13.7,13.3,13.5,.9,.3,241,67,2.4,.6,.3,.9,1.13,8.7
