2007,1,6,17.3,1.2,7.6,97.6,31.6,71,.41,12.57,0,13.5,6.7,9.5,12,11.5,11.7,.9,.3,199,67,3.5,1,1.8,1.4,.69,1.8
2007,2,6,21.3,-.6,9.5,96.4,22.9,60.8,.69,13.15,0,13.9,6.2,9.7,12.1,11.4,11.7,1.2,.4,27,67,6,2.4,2.4,1.8,.64,.6
2007,3,6,22.1,.6,9.7,91.3,22.6,61.9,.61,13.11,0,14.6,7.1,10.4,12.2,11.2,11.8,1,.4,173,62,3.3,2.7,2.2,1.7,.69,1.6
2007,4,6,21.2,-.3,9.5,93.5,21.1,60.2,.65,13.7,0,14.5,7,10.4,12.3,11.6,12,.9,.2,120,73,3.6,2.3,2.3,1.6,.64,.7
2007,5,6,16.2,4,10.8,89.7,29.9,55.3,.63,10.75,0,13.2,8.4,10.6,12.4,12,12.2,3.6,2,280,54,10.3,.8,2.6,2.5,.7,1.6
2007,6,6,16.2,.3,7.6,82.8,11,36.4,.76,14.7,0,13.1,6.9,9.8,12.4,11.8,12.1,1.9,1.2,336,48,8,.7,3.1,2.4,.34,-8.5
2007,7,6,18.9,-2.7,7.1,71.3,13,39.7,.76,14.35,0,12.8,5.4,8.8,12.1,11.4,11.8,1.5,.6,357,64,5.2,1.4,2.8,2.2,.36,-7.2
2007,8,6,24.1,.5,10.6,63.1,9.8,34.7,1.05,14.07,0,14.2,6.2,9.8,11.9,11.2,11.6,1.1,.4,14,63,4,3.5,2.9,2.2,.38,-6.3
2007,9,6,25.9,.5,13.1,73.3,10.9,35,1.27,14.18,0,15.2,7.3,10.9,12.2,11.4,11.8,2.2,1.6,60,43,8.8,4.3,4.1,3.6,.44,-4.4
2007,10,6,20.3,2.6,11.1,63.6,19.3,40.1,.91,9.04,0,13.8,8.2,11.2,12.6,11.9,12.1,1.1,.7,202,50,3,2.2,1.8,1.8,.5,-2.9
2007,11,6,23.9,4.5,14.3,69.7,15,41.3,1.13,11.26,0,15.4,9.5,12.3,12.7,12.1,12.4,2.6,2.1,189,36,10.7,3.8,3.3,3.5,.61,-.2
2007,12,6,15.7,6.9,10.5,77.7,38.3,57.3,.55,4.9,0,12.7,10.2,11.5,13,12.6,12.8,2.9,1.9,236,47,7.6,.7,1.1,2.2,.73,2.3
2007,13,6,9.9,-.5,6,51.5,12.6,29.7,.67,7.7,0,11.2,7.3,9.6,12.7,12.1,12.4,2.6,2.4,272,21,8,0,2,2.2,.28,-11.5
2007,14,6,8.2,-6.5,.4,55.9,16.2,32.9,.46,15.39,0,10.7,3.6,6.8,12.1,11,11.6,1.4,.5,212,63,5.8,0,2.3,1.6,.2,-14.7
2007,15,6,12.3,-8.1,1.7,65.4,12.3,34.9,.56,15.53,0,9.9,2.3,5.8,11.1,10.3,10.8,1.9,1,342,56,6.8,0,2.8,2.2,.21,-14
2007,16,6,15.2,-1.8,6.7,51.7,15.2,26.4,.79,15.31,0,11.3,4,7.2,10.6,10.1,10.3,2.5,2.1,28,36,9,.4,3.6,2.9,.25,-11.9
2007,17,6,16.9,-3.3,6.9,69.5,21.8,42.5,.68,15.3,0,12.5,4.6,8.1,10.6,10.1,10.3,2,1.5,44,40,6.6,.8,3,2.4,.4,-5.8
2007,18,6,20.3,-.8,9.7,67.3,19.8,42.5,.85,13.66,0,13,5.5,9.1,10.9,10.3,10.5,2.5,1.8,78,43,8.8,2,3.4,3,.48,-3.4
2007,19,6,12,4,6.9,100,36.6,77,.23,4.18,2.79,10.8,8.1,9.3,11.2,10.6,11,1.7,.7,227,64,9.1,0,.3,1.2,.77,2.6
2007,20,6,12.7,1.1,6.2,100,52.3,85.8,.18,10.55,0,12,6.5,8.7,11.1,10.6,10.8,1.4,.3,133,73,4.8,0,1.2,1.2,.8,3.7
2007,21,6,11.2,-1.2,3.5,100,53.9,89.7,.1,5.34,.76,9,5.6,7,10.9,10.3,10.6,1.5,.1,74,79,8.4,0,.2,1,.7,1.8
2007,22,6,14.2,-2.5,4.1,100,33.4,79.9,.25,12.78,0,11,3.8,6.7,10.4,9.8,10.1,1.3,.7,188,55,4.2,.2,1.6,1.5,.62,.1
2007,23,6,16.5,-3,5.6,99.5,20.9,68,.43,15.42,0,12.3,3.7,7.6,10.3,9.6,9.9,1.1,.7,176,48,3.6,.7,2.2,1.7,.56,-1.3
2007,24,6,20.1,-2.1,8.3,89.4,19.5,55.2,.68,15.38,0,13.6,4.6,8.7,10.5,9.8,10.1,1.2,.5,102,64,5.2,1.9,2.7,2.1,.54,-1.8
2007,25,6,20.7,.9,11,80.4,17.4,46.9,.87,15.6,0,14.2,6.1,9.9,10.8,10.2,10.5,2.9,2.1,74,43,10.6,2.2,3.9,3.4,.55,-1.5
2007,26,6,19.3,1,10,90.6,27.1,57,.63,15.46,0,15.5,7.6,11.1,11.3,10.8,11,1.2,.5,163,62,5.7,1.8,2.6,2,.67,1.1
2007,27,6,21,-.3,9.4,86.4,19.2,53.3,.73,15.44,0,15.5,7.2,11,11.8,11.1,11.4,1.2,.4,78,66,5.4,2.3,2.9,2.2,.57,-1
2007,28,6,21.3,.5,10.3,77.4,21.5,47.2,.83,14.05,0,15.2,7.4,11.1,12,11.3,11.6,1.1,.2,272,75,5.1,2.4,2.7,2.1,.54,-1.6
2007,29,6,22.6,1,10.9,74.5,19.8,46.6,.87,15.19,0,16.2,7.9,11.7,12.2,11.5,11.8,1,.4,166,63,4.7,2.9,2.8,2.2,.56,-1.2
2007,30,6,14.4,5.3,11.1,100,43.5,75.3,.34,3.14,0,12.1,10.3,11.4,12.4,12,12.2,1.9,1.2,122,50,7.2,.3,.2,1,.99,6.6
2007,31,6,12.7,3.7,8.4,100,66.6,88.4,.14,7.98,4.57,12.1,9,10.2,12.3,11.8,12,2.2,1.2,150,56,9.5,0,.7,1.1,.97,6.5
2007,32,6,16.3,5.2,9.9,96.8,37.5,71.8,.41,14.39,0,13.8,8.3,10.6,12,11.6,11.8,3,2,230,46,9.3,.9,2.7,2.3,.84,4.4
2007,33,6,17.3,1.2,8.6,98.6,33.5,71.9,.41,16.1,0,15.4,6.9,10.7,12,11.4,11.7,1.1,.4,159,65,4,1,2.4,1.8,.77,3.1
2007,34,6,18.7,-.6,8.4,97.7,17.8,62.8,.57,16.96,0,15.6,6.7,10.8,12.2,11.5,11.8,.9,0,242,79,3.4,1.5,2.8,2,.62,.1
2007,35,6,21.9,-1.4,9.7,94.7,14.4,53.3,.78,15.83,0,16,6.8,10.9,12.3,11.5,11.9,.9,.3,197,66,3.4,2.5,2.8,2.1,.55,-1.4
2007,36,6,26.7,2.3,13.7,84.5,13.8,44,1.18,16.88,0,18,8.2,12.6,12.5,11.7,12.1,1.2,.2,81,75,4.6,4.8,3.6,2.8,.59,-.5
2007,37,6,27.7,4,14.6,74.5,12.7,42.5,1.24,16.52,0,18.9,9.8,13.9,13.1,12.4,12.7,1.2,.4,169,66,4.5,5.4,3.5,2.9,.61,-.1
2007,38,6,26.9,3.6,14.4,77.1,9.1,38.1,1.28,16.41,0,19.1,10.5,14.4,13.6,12.9,13.2,1,.2,212,73,4.2,5.1,3.5,2.7,.53,-2.1
2007,39,6,25.9,4,14.4,68.7,8.6,34.7,1.29,17.24,0,19.3,10.5,14.6,13.9,13.2,13.6,1.3,.2,82,73,4.3,4.6,3.8,3,.49,-3
2007,40,6,27.1,4.7,15.6,66.7,12.5,36.4,1.34,14.46,0,19.1,11.4,15.1,14.4,13.6,13.9,.9,.1,102,76,4.3,5.3,3.1,2.6,.59,-.6
2007,41,6,26.9,6.3,17,71.7,18.4,39.6,1.36,14.21,0,19.9,12.2,15.9,14.7,14,14.3,1.2,.2,41,76,3.5,5.5,3.2,2.8,.71,2.1
2007,42,6,23.5,11.8,16.7,83.4,32,52.8,.96,8.42,0,18.5,14.6,16.4,15.1,14.5,14.9,2,1,214,57,9.4,5.1,2.1,2.9,.98,6.5
2007,43,6,22.7,6.9,14.5,85.1,26.4,54.7,.87,17.66,0,20.5,12.3,16,15.3,14.6,15,1.6,.7,177,62,5,3.6,3.6,2.9,.85,4.5
2007,44,6,18.7,7.7,12.9,90.9,28,56.2,.72,15.21,1.78,17.6,12.4,14.9,15.5,14.9,15.1,2.5,1.8,236,44,8.8,2,3.3,2.9,.8,3.5
2007,45,6,17.5,5.2,11.4,79.7,34.3,58.1,.61,14.01,0,17.7,11.3,14,15.1,14.5,14.8,2.1,.5,222,70,13.9,1.3,2.7,2.5,.76,3
2007,46,6,19.1,.3,9.5,96.3,20.6,57.9,.66,18.84,0,18.2,9.3,13.4,14.8,14,14.4,1.2,.2,113,72,4.6,1.6,3.3,2.5,.61,-.2
2007,47,6,22.5,.3,11.3,74.3,17.4,43.5,.96,18.81,0,19.1,9.4,13.9,14.7,13.8,14.2,1,.4,158,64,4.8,2.9,3.6,2.7,.52,-2.2
2007,48,6,28.7,2.6,14.9,79.7,7.2,37.1,1.41,19.04,0,20,10.6,14.9,14.9,14,14.4,2.1,1.3,50,49,9.9,5.7,5.2,4.5,.51,-2.6
2007,49,6,26.3,9.8,16.9,47.1,12.3,28.5,1.5,12.25,0,19.3,13.2,15.8,15.2,14.5,14.8,1.7,.7,195,62,5.7,5.8,3.3,3.6,.51,-2.5
2007,50,6,19.8,8.5,13.9,96,25.5,53.4,.77,10.1,2.03,17,13.5,15.1,15.3,14.9,15.1,4.4,2.4,198,55,11.4,2.5,2.9,3.7,.83,3.6
2007,51,6,17.5,7.1,11.3,100,42.6,79.3,.34,14.77,1.52,17.7,12,14.4,15.1,14.6,14.9,1,.5,25,56,4.5,1.4,2.1,2,1.03,7.4
2007,52,6,20.5,2.2,11.4,100,25.9,67.7,.6,19.3,0,19.3,9.9,14.1,15.1,14.2,14.7,1,.1,332,78,5.2,2.2,3.3,2.5,.84,4.3
2007,53,6,26,3.4,14.1,90.9,14.5,50.3,1.09,19.43,0,20.9,10.6,15.2,15.1,14.2,14.7,1.4,.5,201,65,4.8,4.6,4.1,3.4,.69,1.3
2007,54,6,17.4,6.6,11.8,70.8,15.8,39.2,.89,16.57,0,17.8,12.2,14.6,15.3,14.8,15,3.6,3.2,256,29,12.7,1.4,4.5,3.9,.52,-2.7
2007,55,6,17.3,.7,9.7,62.4,11.3,30.3,.93,20.76,0,18.4,9.5,13.5,15.1,14.3,14.7,1.7,.6,268,64,8.1,1,4.2,3.2,.33,-8.5
2007,56,6,21,-.9,9.8,63.9,10.1,31.6,1.01,20,0,18.7,8.8,13.4,14.9,14,14.4,1.3,.4,221,68,5.4,2.3,4,3.1,.32,-8.5
2007,57,6,22.8,4.3,13.6,57.6,19.4,32.5,1.15,20.28,0,20.2,10.4,14.9,14.8,14.1,14.4,1.7,1.1,192,50,4.9,3.3,4.5,3.6,.5,-3
2007,58,6,24,5.7,15.2,61.9,17.3,36.3,1.23,20.24,0,20.5,12,16,15.2,14.6,14.9,3,1.7,244,53,9.7,4,5.4,4.7,.59,-.6
2007,59,6,15.9,4.5,11,50.9,13.4,31.2,.93,18.04,0,17.9,12.6,15.1,15.5,15.1,15.3,3.9,3.6,260,23,10.9,.7,4.7,4.1,.4,-6.1
2007,60,6,16.9,-1.6,8.8,68.7,11.1,32,.88,21.78,0,18.8,9.1,13.6,15.3,14.4,14.9,1.6,.9,226,52,7.3,.8,4.3,3.2,.32,-9
2007,61,6,19.1,-2.3,9.5,61.7,10.3,25.3,1.02,21.91,0,18.5,9,13.5,15,14.2,14.6,1.8,.6,258,66,7.8,1.5,4.7,3.7,.26,-11
2007,62,6,18.7,.6,10,56.7,4.4,20,1.11,22.86,0,17.5,9.4,13.3,14.9,14.2,14.5,2.7,2.4,18,27,10.6,1.5,5.8,4.5,.2,-15.1
2007,63,6,23.9,1.5,13.1,27.5,5.2,13.2,1.48,21.68,0,17.8,9.2,13.3,14.7,13.8,14.3,4.6,4.3,57,20,13.7,3.6,7.3,6.7,.18,-16
2007,64,6,24.5,7.8,16.6,32.8,6,12.4,1.75,18.29,0,19.5,12.5,15.2,14.7,14.2,14.4,4.7,4.2,76,26,13.9,4.6,7.1,6.9,.21,-13.7
2007,65,6,26.5,2.7,14.7,52,6.6,22.4,1.56,18.51,0,20.3,10.8,15.4,15.2,14.4,14.8,1.1,.1,57,76,4.8,4.8,4.3,3.4,.32,-8.8
2007,66,6,30.4,9.2,19,43.5,6.1,22.3,1.97,17.67,0,22.1,13.4,17.3,15.6,14.9,15.2,1.5,.7,340,60,5,7.6,4.7,4.3,.43,-5
2007,67,6,30,12.3,21.9,37.9,10.6,21.9,2.22,22.24,0,25.3,16,20.1,16.8,15.6,16,1.8,1,246,56,7,8.4,6.2,5.1,.53,-2
2007,68,6,30.9,7.6,19.5,57.8,8.4,25.7,1.98,22.39,0,25.4,15.3,19.9,17.4,16.6,17,1.2,.1,152,76,4.2,7.5,5.5,4.2,.5,-2.8
2007,69,6,30.2,9.1,18.7,47.8,7,24.6,1.88,21.03,0,24.9,15.7,19.8,17.9,17,17.4,1.7,.8,228,60,6.3,7.5,5.5,4.8,.46,-3.8
2007,70,6,29.9,5.9,18.8,52.3,7.4,24.2,1.96,23.15,0,25.2,15.2,19.9,18.2,17.2,17.7,1.5,.3,360,72,7.7,6.7,6,4.7,.44,-4.5
2007,71,6,31,9.3,20.4,49,8.4,21.8,2.14,23.08,0,25.2,15.7,20.3,18.4,17.6,18,1.4,.3,114,70,6.1,7.9,6,4.8,.47,-3.6
2007,72,6,32.3,8.4,21.1,58.3,6.9,21.1,2.29,23.14,0,21.5,14.9,18.2,18.9,17.9,18.4,2,1.2,224,51,7.8,8.1,6.6,5.8,.45,-4.1
2007,73,6,33.1,7.4,21.5,52.5,6.8,20.5,2.37,23.6,0,21.5,13.6,17.2,18.4,17.3,17.9,1.6,.7,216,61,5.2,8.1,6.4,5.4,.44,-4.7
2007,74,6,33.6,7.7,21.3,58.5,6,20.4,2.35,24.01,0,23.8,13.3,18.1,18,17.1,17.6,1.5,.5,187,65,4.2,8.2,6.3,5.3,.44,-4.5
2007,75,6,37,9.8,23.3,49.1,5.2,20.3,2.77,23.75,0,26,15.2,20.2,18.4,17.6,17.9,1.4,.4,39,68,8.1,9.5,6.7,5.6,.48,-3.4
2007,76,6,37,11.5,25.3,53.6,6.3,20.4,2.99,20.16,0,26.5,17.1,21.6,19,18.2,18.6,1.4,.5,178,66,4.7,9.9,5.8,5.2,.56,-1.2
2007,77,6,33.5,15.7,24.1,29.6,4.6,15.3,2.79,24.53,0,27.5,18.1,22.4,19.6,18.9,19.2,2.7,1.5,181,54,6.4,11.2,7.7,7.2,.4,-5.9
2007,78,6,31.5,11.8,21.8,39.5,8.5,18.8,2.31,22.92,0,27.2,18.1,22.1,20.1,19.2,19.6,1.9,1,198,57,6.1,8.8,6.4,5.6,.45,-4.2
2007,79,6,31.3,13.8,21.6,46.3,8.8,20.8,2.24,22.4,0,26.7,17.9,22,20.2,19.4,19.8,2,1.1,183,55,7.2,9.6,6.3,5.6,.49,-3.1
2007,80,6,27.8,13.9,21.3,54,10.6,27.3,1.92,22.92,0,26.2,18.7,22.2,20.3,19.6,20,3.6,2.8,198,38,13.2,8.1,7.1,6.6,.66,.9
2007,81,6,24.9,11.6,17.5,99.3,32.1,67.9,.74,9.97,19.05,22.1,17.3,20.2,20.4,19.9,20.1,4.1,1.8,77,61,12.4,5.7,2.5,3.8,1.3,10.7
2007,82,6,20.1,11.1,15,100,48.9,80.1,.39,21.11,.25,21.3,15.8,18.1,19.9,18.9,19.3,2.1,1.2,246,51,7,3.2,3.8,3.2,1.34,11.2
2007,83,6,22.1,11.6,16.4,92.2,39.9,68.4,.66,21.59,0,21.7,15.5,18.3,19,18.3,18.7,1.3,.2,129,75,5.9,4.2,3.9,3.5,1.24,10.1
2007,84,6,27.3,10.1,18.3,99.3,14.6,59.2,1.12,25,0,24.2,15,19.1,18.9,18.1,18.6,1.2,.2,321,73,4.6,6.4,5.3,4.3,1.11,8.2
2007,85,6,29,11.1,20.2,86.8,19.1,50,1.44,23.93,0,25.8,15.9,20.5,19.2,18.5,18.8,1.3,.7,170,53,5.2,7.5,5.4,4.5,1.06,7.6
2007,86,6,24.8,10.4,18.3,68,17.6,38.1,1.38,25.19,0,24.3,17.3,20.5,19.6,19,19.3,5.3,3.5,247,47,13.3,5.3,8,6.7,.77,2.6
2007,87,6,18.5,6,12.4,67.3,12.9,34.5,1.02,26.37,0,22.5,14.8,18.4,19.6,18.7,19.2,2.9,2.4,252,34,8.3,1.7,6.1,4.9,.46,-4.2
2007,88,6,21.4,3.4,13.7,74.2,13.8,35.6,1.15,26.65,0,23.5,13.6,18.2,19.1,18.2,18.7,1.8,.6,229,67,6.2,2.7,5.9,4.5,.5,-2.8
2007,89,6,23.1,7.2,15.4,76.6,15.9,42.5,1.16,26.69,0,24.4,14.9,19.4,19,18.2,18.6,1.7,.8,299,58,6.6,3.8,5.9,4.7,.67,1.2
2007,90,6,27.6,5.7,17.4,76.8,10.1,36.1,1.55,26.92,0,25.9,15.2,20.2,19.2,18.4,18.8,1.4,.3,243,73,4.8,5.7,6.2,5,.61,-.3
2007,91,6,32,7.4,19.9,70.6,7.8,32,1.96,26.91,0,27.2,16.3,21.4,19.5,18.8,19.1,1.2,.2,7,72,3.7,7.7,6.5,5.2,.61,-.4
2007,92,6,33.3,8.8,22.2,63.9,7,23.8,2.4,26.67,0,27.9,17.7,22.5,20.1,19.4,19.7,2.3,.9,237,62,7.7,8.5,7.7,6.8,.53,-2.3
2007,93,6,33.4,10,22.9,54.5,5.5,21.6,2.51,26.01,0,28.4,18.4,23,20.6,19.8,20.2,1.5,.6,173,62,5.2,8.7,7,5.7,.5,-3
2007,94,6,33.8,10.6,22.5,56.6,6.9,25.7,2.38,24.74,0,28.6,18.7,23.4,21,20.2,20.6,1.4,.2,322,76,4,9.2,6.4,5.4,.59,-.7
2007,95,6,33.9,12.9,23.3,62.4,7.3,26.6,2.43,20.3,0,27.8,19.8,23.6,21.3,20.6,20.9,1.1,.1,308,77,4.3,9.9,5.2,4.7,.65,.5
2007,96,6,34.4,12.7,24,50.7,3.9,21.3,2.7,27.08,0,29.5,19.7,24.3,21.5,20.8,21.1,2.3,1.4,206,51,8.5,10,8.1,7.2,.52,-2.9
2007,97,6,32.3,13.5,23.5,50.3,11.9,23.6,2.4,25.9,0,29.6,20.2,24.5,21.9,21.2,21.5,2.8,1.4,197,56,7.5,9.8,7.7,7.2,.64,.6
2007,98,6,31,16.5,23.9,59.3,12.7,29.5,2.23,23.58,0,28.3,21.2,24.7,22.2,21.6,21.9,3.6,2.7,219,40,10.5,10.8,7.7,7.5,.83,3.8
2007,99,6,29.1,13.4,21.9,72.2,24.5,44,1.62,26.2,0,29.5,20.7,24.8,22.4,21.7,22,2.2,1.4,260,47,8,8.5,6.7,5.7,1.1,8.3
2007,100,6,29.1,13.5,21.7,63.2,17,37.4,1.79,26.81,0,29,20.6,24.6,22.6,21.9,22.2,2.7,2,243,41,8.3,8.5,7.3,6.4,.9,5.4
2007,101,6,30.6,14.4,23,64.4,10.6,33.3,2.09,26.6,0,26.2,20.7,23.3,22.6,22,22.3,3.6,2.5,212,44,10.9,9.7,8.2,7.5,.83,3.8
2007,102,6,26.5,10.3,18.8,91.1,10.1,38.1,1.54,26.17,1.27,21.3,16.7,19.1,22.5,21.4,22,4.7,3.5,253,41,13.4,6.1,8.1,7.2,.71,1.6
2007,103,6,24.5,8.3,16.2,99.5,17.3,53.6,1.04,27.39,.25,22.6,15.1,18.5,21.5,20.1,20.7,1.8,.7,220,63,6.9,4.6,5.7,4.9,.88,4.8
2007,104,6,29.1,6.2,19.1,77.4,7.8,29.9,1.84,28.3,0,25.7,14.5,19.6,20.6,19.6,20.1,1.9,.9,148,57,6.1,6.4,7.1,6,.54,-2.1
2007,105,6,24.5,11.2,18.5,37.2,11.3,21.2,1.75,28.62,0,24.8,17,20.5,20.6,20,20.2,4.2,2.4,232,53,15.1,5.3,8.9,7.4,.44,-4.6
2007,106,6,20.5,7.1,13.9,70.4,22.7,44.5,.93,19.1,.76,21,15.8,18.3,20.7,19.8,20.2,2.7,1.8,230,46,13.4,2.7,4.3,4.3,.69,1.5
2007,107,6,26.7,6.1,17.1,81.8,15.7,44.8,1.33,28.45,0,25.3,14.2,19.4,20,19,19.5,2,1.2,211,51,8.2,5.3,6.5,5.5,.76,3
2007,108,6,30.8,9.3,20.4,68.9,6.2,26.3,2.06,28.48,0,26.8,17,21.5,20.1,19.5,19.8,3,1.8,256,51,11.2,7.8,8.5,7.5,.53,-2.8
2007,109,6,27.2,7.2,17.8,45,6.4,15.8,1.88,29.5,0,27,16.8,21.6,20.7,19.8,20.2,1.8,1.1,238,50,7,5.7,7.4,6,.28,-10.2
2007,110,6,25.9,10,18.5,38.1,10.2,20.5,1.8,19.34,0,23.2,17.2,20.4,20.9,20,20.4,3.5,2.4,188,47,9.3,5.6,6.2,6.5,.42,-5.2
2007,111,6,20.7,9.6,14.7,92.6,30.4,59.5,.76,26.21,4.32,24.2,16.6,20.1,20.5,19.7,20.1,2.5,1.3,232,56,11.1,3.1,5.1,4.6,.95,6.1
2007,112,6,27,7.1,17.6,93.3,11.3,44.7,1.4,25.47,0,25.2,15.7,20.2,20.3,19.4,19.9,1.5,.8,207,53,5.5,5.7,5.7,4.9,.75,2.5
2007,113,6,24,11.4,18.2,52,15.9,32.2,1.49,29.51,0,25.2,17.6,21.1,20.4,19.8,20,3.6,3.1,245,30,12.5,5.1,8,6.7,.65,.7
2007,114,6,28.5,10,20,61.8,13.5,30.8,1.84,29.65,0,27.2,17.1,21.8,20.6,19.8,20.1,2,1.1,256,56,7.1,6.9,7.5,6.3,.65,.8
2007,115,6,32,11.4,22.6,61,10.3,25.6,2.28,29.81,0,29.5,18.8,23.7,21,20.3,20.6,1.7,.6,185,65,5.2,8.9,7.7,6.6,.63,.3
2007,116,6,32.4,15,24.2,42.6,8.8,22.2,2.58,29.26,0,30.4,20.2,25,21.7,21,21.3,1.9,.9,166,58,7,10.5,7.9,6.8,.61,-.1
2007,117,6,35.3,12.3,25.9,51.4,7.2,19.6,3.01,29.42,0,31.2,21,25.9,22.4,21.7,22,2,.8,227,62,5.5,10,8.3,7.3,.57,-1
2007,118,6,37.6,16.4,27,48.1,9.3,23.3,2.94,23.81,0,31.9,23,26.9,23.1,22.2,22.7,3.1,1.5,144,58,19.5,12.2,8,8.5,.78,3
2007,119,6,33.8,18.9,27,51.2,14.1,29.2,2.7,28.45,0,32.5,23,27.3,23.5,22.9,23.2,2.5,1.4,110,53,10.2,12.7,8.2,7.5,.98,6.6
2007,120,6,35.8,16.2,27,49.7,10.3,22.9,3.06,27.81,0,32.4,23.3,27.7,24.1,23.4,23.7,2.4,1.6,234,47,7.2,11.8,8.5,7.7,.73,2.4
2007,121,6,33.3,18.5,25.3,85.5,12.8,32.4,2.39,21,2.79,30.8,24,27,24.5,23.7,24.1,2.5,.4,198,74,11.8,12.4,6.3,6.7,.94,5.3
2007,122,6,33.2,14.1,24.5,83.2,12.7,37.3,2.28,28.96,0,31.4,21,25.9,24.5,23.4,23.9,2.2,1.1,247,58,7.1,10.3,7.8,7,.97,6
2007,123,6,30.5,17.6,24.5,47.6,10.2,21.4,2.53,30.56,0,30.9,22.6,26.5,24.3,23.6,23.9,3,2.4,265,35,8.9,11.3,9.2,8.1,.62,-.3
2007,124,6,28.7,13.3,22.3,48.6,10.6,23.7,2.19,26.23,0,26.3,21.1,24,24.4,23.6,23.9,3.9,3.4,238,30,10.6,8.2,8.6,7.9,.59,-.6
2007,125,6,26.1,13.9,20,54.9,8.6,26.9,1.82,31.08,0,21.7,17.1,19.4,23.7,22.2,23,4.3,3.8,275,29,11.7,7.2,9.3,8.1,.58,-1.5
2007,126,6,26.9,9.7,19.5,45.6,8.4,20.8,1.94,31.29,0,25.7,14.6,19.7,22.3,20.9,21.5,1.3,.4,292,66,8.4,6.1,7.4,5.7,.43,-4.9
2007,127,6,33.1,10.1,22.9,56.4,8.2,23.6,2.51,30.37,0,28.7,17,22.6,21.9,21,21.4,1.7,.4,46,70,7.7,8.6,8.1,6.8,.54,-1.8
2007,128,6,34.5,12.9,25.1,60.6,9.1,25.7,2.66,29.69,0,31.1,20.1,25.2,22.4,21.6,22,2.3,1.3,96,54,13.1,10,8.6,7.6,.72,2.2
2007,129,6,36.2,14.3,26.1,57.7,6.9,26,2.91,30.05,0,32.2,21.6,26.6,23.2,22.4,22.8,1.5,.3,234,72,6.7,11.1,8.1,6.8,.74,2.3
2007,130,6,38.7,17.2,28.2,41.8,5.8,17.3,3.53,30.23,0,33.4,22.6,27.7,23.9,23.2,23.5,1.6,1,199,49,4.8,12.7,8.5,7.3,.57,-1.1
2007,131,6,40.1,19.6,30.7,28.1,5.8,13.1,4.14,30.33,0,34.3,23.9,28.8,24.6,23.9,24.2,2.3,1.3,214,52,6.1,13.9,9.4,8.7,.52,-2.1
2007,132,6,39.8,18.3,30.1,38.8,5.7,14.3,3.98,30.1,0,34.6,25.2,29.7,25.2,24.5,24.9,2.3,1.4,238,52,8.4,13.3,9.6,8.7,.55,-1.6
2007,133,6,39.5,18.7,29.8,27.7,5.6,12.9,3.98,29.69,0,34.6,25,29.5,25.8,25.1,25.4,2.3,1.4,241,52,7.7,13.4,9.5,8.6,.48,-3.3
2007,134,6,37.9,19,29.4,27.1,6.2,13.3,3.82,29.98,0,34.6,25.1,29.7,26.1,25.4,25.7,2.5,1.6,230,49,8.2,13.4,9.5,8.7,.5,-2.8
2007,135,6,37.7,18.1,29.3,42.5,9.4,19.2,3.55,30.4,0,35.2,25.6,30.2,26.3,25.7,26,2.1,.6,266,67,7.1,13,9,8.1,.73,2.3
2007,136,6,36.9,19.9,29.3,37.3,11.2,20.9,3.42,25.23,0,34,26.3,30.1,26.8,26.1,26.4,2.5,.6,186,71,10.2,13.7,7.8,8,.81,3.7
2007,137,6,37.3,20.4,30.1,50.1,10,24.3,3.46,29.94,0,35.5,26.4,30.6,26.8,26.2,26.5,2.5,.3,61,75,9.3,13.9,9.1,8.5,.95,5.7
2007,138,6,37.9,19.6,29.1,28.9,6.8,14.5,3.68,30.59,0,35.6,26.3,30.7,27.2,26.5,26.8,1.9,.9,196,58,5.7,13.7,9,7.9,.54,-1.7
2007,139,6,37.2,18.3,28.9,33,10.1,17.6,3.49,30.01,0,35.7,26.1,30.7,27.4,26.7,27,1.7,.8,187,61,5,13,8.5,7.4,.67,1.1
2007,140,6,37.3,18.1,28.5,39.2,4.9,16.7,3.54,31.04,0,35.6,26.3,30.8,27.6,26.9,27.2,2.5,1.6,220,48,9.7,13,9.6,8.7,.57,-1.3
2007,141,6,34.7,19.1,27.1,44.9,7.2,22.5,2.98,32.16,0,34.2,26.1,30,27.7,26.9,27.3,3.5,3,192,30,10.6,13,10.4,9.7,.73,2.1
2007,142,6,32.7,15.3,25.3,51.2,15.2,27.5,2.51,32.18,0,33.6,25.3,29.3,27.6,26.7,27.1,3.1,2.2,202,42,8,10.7,9.6,8.5,.84,4.2
2007,143,6,31.3,15.8,24.5,66.7,18.1,35.8,2.15,31.79,0,33.9,25.1,29.4,27.5,26.6,27,1.9,1.3,216,48,6.9,10.6,8.2,7,1.02,7.2
2007,144,6,35.7,17.6,27.7,53,8.9,23.7,3.12,31.12,0,34.9,25.3,29.9,27.5,26.7,27,1.7,.5,289,68,5.8,12.5,8.6,7.4,.77,3
2007,145,6,37.5,17.7,29,41.2,7.1,19.5,3.49,30.66,0,35.2,26.2,30.6,27.7,27,27.2,2.3,1.7,226,42,7.3,12.7,9.3,8.4,.7,1.7
2007,146,6,37.1,19.1,28.7,39.4,8.6,18.6,3.45,29.8,0,35.7,26.3,30.8,27.9,27.2,27.5,2,.8,233,62,6.3,13.3,8.8,7.8,.67,1.1
2007,147,6,37.9,17.6,29.2,41.2,5.5,17.6,3.62,31.28,0,36,26.4,31,28.2,27.4,27.7,2.3,1.6,210,45,8.2,12.8,9.5,8.5,.63,.2
2007,148,6,37.5,17.7,28.5,24.9,6.6,13.7,3.64,31.74,0,36.1,26.3,31,28.3,27.6,27.9,2.4,1.2,206,56,8,12.7,9.6,8.7,.49,-3.2
2007,149,6,37.2,17.9,28.1,24.5,4.3,12.2,3.62,32.93,0,35.9,26.2,30.9,28.5,27.7,28,2.1,1.1,189,57,11.6,12.9,9.8,8.5,.41,-5.5
2007,150,6,37.8,16.1,28.1,38.1,5,13.6,3.61,32.68,0,36.1,26,30.9,28.6,27.7,28.1,1.6,.6,229,64,6.1,12.1,9.3,7.8,.45,-4.2
2007,151,6,38,16.5,29,42.2,5.5,13.8,3.75,31.9,0,36.3,26.5,31.2,28.6,27.9,28.2,1.8,.6,248,67,5.4,12.3,9.3,8,.49,-3.2
2007,152,6,38.9,19.3,30.7,29.6,5.8,12.8,4.13,30.13,0,36.1,27.2,31.5,28.8,28.2,28.4,2.9,2.1,232,43,7.4,13.7,10.1,9.5,.51,-2.6
2007,153,6,38.4,19.9,30.2,32.2,7.4,15.4,3.85,23.86,0,35.6,27.8,31.3,29,28.3,28.6,2.2,1.1,218,57,6.9,13.9,7.6,7.8,.61,-.1
2007,154,6,39.1,19.2,30.6,38.8,6.6,16.1,3.99,31.67,0,37,27.4,32,29,28.4,28.6,2.2,1.3,235,51,6.6,13.6,9.8,8.7,.62,.1
2007,155,6,41.1,19.5,31.6,43.2,6.9,17,4.25,29.86,0,37.4,28,32.5,29.4,28.7,29,2.3,1.6,233,47,7.3,14,9.7,9,.7,1.7
2007,156,6,41.1,22,31.6,30.4,6.2,14.4,4.3,29.46,0,37.6,28.3,32.7,29.6,28.9,29.3,3.3,2.4,205,42,9.4,14.9,10.4,10.5,.61,0
2007,157,6,32.5,19.7,27.3,35.1,5.7,15,3.16,33.37,0,34.3,28.7,31.3,29.8,29.1,29.4,4.8,4.4,257,24,13.4,12.9,12.1,11,.51,-3.1
2007,158,6,31.7,16.5,24.4,41.6,7.3,19.1,2.63,33.75,0,34.6,26,30,29.5,28.4,28.9,2.2,1.6,248,41,6.1,11.1,9.3,8,.52,-2.6
2007,159,6,36.5,15.5,26.6,39.3,8,18.4,3.16,32.39,0,35.5,25.4,30.3,29.2,28.2,28.6,2,.9,234,60,7.8,11.6,9.3,8.1,.58,-.8
2007,160,6,38.2,18.8,29.2,37.7,8.6,17.5,3.64,31.92,0,36.8,26.7,31.5,29.1,28.4,28.7,2.4,1.1,229,59,6.7,13.4,9.6,8.9,.64,.5
2007,161,6,38.3,19.7,29.9,38.8,8.4,16.9,3.75,30.62,0,37.3,27.8,32.3,29.4,28.8,29.1,2.4,1,249,61,8.6,13.8,9.4,8.7,.65,.8
2007,162,6,34.3,21.3,27.7,44.4,11.8,24.8,2.9,24.99,0,34.5,28.5,31.1,29.6,29,29.3,4.1,3.1,103,40,12.4,13.9,9.2,9.3,.9,5.2
2007,163,6,36.5,17.1,27.4,66.9,9,30.9,2.89,30.96,0,36.4,26.2,31.3,29.5,28.7,29.1,1.2,.4,213,95,5.4,12.4,8.2,6.8,.96,5.9
2007,164,6,40.4,19.3,30.8,50.3,7.3,19.9,4.01,30.18,0,37.5,27.5,32.3,29.6,29,29.3,1.9,1.2,219,49,5.8,13.9,9,8.2,.75,2.5
2007,165,6,42.6,22.1,33.7,32.8,6.4,13.7,4.88,30.33,0,38.6,29.1,33.7,30,29.4,29.7,2.1,1.3,224,51,6,15,9.7,8.9,.64,.6
2007,166,6,43.1,22.7,34.4,27.8,6,13.3,5.03,28.35,0,38.7,30.1,34.3,30.6,29.9,30.2,2.4,1.4,222,52,7.8,15.4,9.7,9.3,.67,1
2007,167,6,42,22.8,33.1,31.6,4,14,4.75,30.37,0,39,30.1,34.4,31.1,30.4,30.7,2.6,1.5,228,53,9.1,15.2,10.3,9.7,.61,-.8
2007,168,6,41.3,23.1,32.9,25.8,6.4,12.3,4.66,30.56,0,38.6,30.1,34.2,31.3,30.6,30.9,3,2,237,48,10,15.4,10.9,10.3,.57,-1.1
2007,169,6,42.1,21.8,32.5,31.6,4.9,15,4.56,30.87,0,39.2,29.7,34.3,31.4,30.6,31,2.2,1.4,202,48,8.9,14.9,9.9,9,.65,.7
2007,170,6,41.2,22.7,32.5,37.3,7.8,18.2,4.32,30.53,0,34.2,28.3,31.5,31.7,30.6,31.1,1.8,.8,188,61,5.5,15.2,9.2,8.2,.81,3.8
2007,171,6,42.3,22.9,34.8,41.3,6.5,14.1,5.11,30.02,0,30.4,24.7,27.8,30.7,29.3,30,2.6,1.8,261,45,8.2,15.4,10.4,9.7,.69,1.4
2007,172,6,43.4,22.3,33.9,31.1,5.2,12.3,5.04,30.24,0,35.9,24.8,30.1,29.5,28.6,29,1.8,.9,249,57,7,15.1,9.6,8.4,.58,-1
2007,173,6,43.1,22.3,33.4,33.5,4,13.5,4.88,30.7,0,33.8,27,30,29.8,29.1,29.4,1.9,1,245,56,6.7,15.2,9.7,8.6,.6,-.6
2007,174,6,42.3,23.9,33.7,41.9,7.2,18.1,4.63,30.31,0,31.3,24.5,27.8,29.7,28.6,29.1,1.8,.5,227,69,5.6,15.6,9.3,8.4,.85,4.2
2007,175,6,42.1,21.5,32.5,29.3,4.4,12.7,4.68,31.01,0,35.1,22.9,28.7,29,28,28.5,1.9,.8,210,61,6.4,14.7,9.6,8.4,.54,-1.9
2007,176,6,42.1,17.7,32.2,37.1,5.6,13.9,4.52,30.17,0,37.2,26,31.5,29.3,28.4,28.8,1.4,.6,180,62,4.6,13.3,8.9,7.6,.61,-.2
2007,177,6,44.1,21.9,34.4,40.2,5.5,15.6,5.07,29.42,0,38.2,27.9,32.9,29.9,29.1,29.5,1.9,.8,243,62,7.9,15.1,9.4,8.6,.73,2.3
2007,178,6,43.2,24.7,36,29.6,9,15,5.3,29.31,0,38.1,29.9,33.3,30.7,29.8,30.2,2.2,.9,245,63,6.4,16,9.7,9.1,.85,4.5
2007,179,6,43.1,24.9,34.5,40.5,7.4,18.7,4.85,30.04,0,32,26,29.1,31,29.8,30.4,2.2,1.2,212,55,7.2,16,9.7,9.1,.91,5.4
2007,180,6,42.7,23.1,34.1,30.9,6.3,14.6,4.89,30.34,0,33.4,24.7,28.8,30,29,29.5,1.8,.4,202,71,5.2,15.4,9.3,8.3,.7,1.7
2007,181,6,43.2,22.8,34.1,33.1,3.5,13.6,5.01,30.62,0,30,23.9,27.3,29.7,28.7,29.1,2.4,1.5,224,49,8.1,15.3,10.2,9.4,.63,-.1
2007,182,6,44.3,22.6,35.4,37.4,5.2,13.4,5.36,30.32,0,35.7,24.1,29.6,29.1,28.3,28.7,2.3,1.4,250,52,8.7,15.3,10.2,9.5,.68,1.3
2007,183,6,43.7,25.2,35.6,41.1,5.4,18.6,5.07,29.57,0,34.3,28.3,31.3,29.8,29,29.4,2.5,1.4,258,54,9.1,16.2,9.9,9.7,.96,6
2007,184,6,44,24.8,35.3,46.4,6.4,20.6,4.97,29.38,0,31.3,25.4,28.4,30.2,29.2,29.7,2.3,1.3,240,54,7.2,16,9.7,9.3,1.02,6.6
2007,185,6,45.7,24.2,36.3,41.7,4.8,16.4,5.46,29.3,0,35.9,24.6,29.9,29.4,28.5,29,2.4,1.5,237,49,6.8,15.9,9.9,9.7,.86,4.3
2007,186,6,45.1,25.5,36.1,36.7,5.6,16.3,5.35,28.5,0,38.2,28.5,33,30.2,29.2,29.6,2.3,1.4,159,51,7.3,16.3,9.6,9.3,.91,5.4
2007,187,6,43.9,26.7,36.3,46.2,10,22.1,4.98,28.18,0,39.9,30.7,35,31.2,30.1,30.6,2.5,1.4,130,54,12.9,16.6,9.4,9.4,1.24,9.9
2007,188,6,43.5,26.6,35.3,61.4,12.2,30.2,4.42,27.11,0,39.9,31.6,35.6,31.9,31.1,31.4,2,.9,254,59,7.4,16.5,8.6,8.4,1.54,13.1
2007,189,6,40.7,29.7,35.2,46.7,16.3,29.2,4.19,27.36,0,39.5,32.6,35.9,32.3,31.8,32,3.2,2.5,251,40,8.8,17.2,9.5,9.8,1.6,13.8
2007,190,6,40.5,26.3,34,51.1,16.5,29.6,3.95,27.36,0,35.3,31,33.5,32.7,32.1,32.3,2.5,1.5,250,52,13.2,16.4,8.8,8.7,1.49,12.9
2007,191,6,39.2,29.1,34,44.4,18,28.8,3.87,19.38,0,31,27.7,29.3,32.3,31,31.7,2.2,1.2,235,55,5.8,17.1,6.5,7.2,1.5,13
2007,192,6,41.5,24.7,34.1,73.1,16.5,33.1,3.95,26.62,0,33.7,26.2,29.6,31,30,30.5,1.6,.6,296,64,6.1,16,7.8,7.3,1.59,13.5
2007,193,6,42.6,26,35.6,42.8,9.7,18.7,5.03,28.71,0,37.2,27.8,32.3,30.7,30.1,30.4,2.6,1.6,239,49,8.1,16.4,9.9,9.4,.99,6.6
2007,194,6,40.9,24.6,34.1,61.3,13.1,27.7,4.17,28.13,0,37.8,29.8,33.7,31.3,30.6,31,3.1,2.2,251,43,8.5,15.8,9.6,9.6,1.37,11.5
2007,195,6,40.4,27.9,35.2,56,16.2,28.5,4.23,26,0,37.6,31.6,34.5,31.9,31.3,31.6,3.5,3.1,253,28,8.7,16.8,9.5,9.8,1.54,13.2
2007,196,6,41.8,29.2,35.1,47.4,14.7,27.6,4.3,21.69,0,38.3,31.9,34.7,32.1,31.7,31.9,2.1,1.2,239,53,6.4,17.1,7.2,7.6,1.49,12.8
2007,197,6,44.3,26.6,34.6,73.4,12.3,33.4,4.13,25.21,17.27,39.7,31.4,34.8,32.5,31.5,32,2.4,1.3,141,54,13.2,16.5,7.8,8.7,1.65,14.2
2007,198,6,42,25.7,33.4,88.4,15.1,48.6,3.08,26.04,0,35.3,29.7,32.2,32.5,31.6,32,1.4,.2,122,74,7.2,16.2,7.2,7.1,2.26,19.1
2007,199,6,43.9,27.6,36,64,11.4,30.1,4.53,27.59,0,38.2,28.3,32.9,31.9,31,31.5,2.7,1.6,226,51,13.5,16.9,9.2,9.4,1.6,13.7
2007,200,6,41.8,24.8,34.4,72.8,15.5,34.7,3.95,26.9,0,39.2,30.7,34.8,32.2,31.5,31.8,3.5,2,219,54,18.6,16,9.4,9.8,1.71,14.9
2007,201,6,38.7,24.5,31.9,80.4,22.2,44.2,2.95,24.8,0,38.8,31.2,34.8,32.5,32,32.2,2.6,1,240,63,9.3,15.7,7.5,7.7,1.94,16.9
2007,202,6,36.8,22.4,29.5,95.6,29.1,60.9,1.89,25.41,5.33,37.3,30.6,34,32.6,31.8,32.3,4,2.1,171,56,13.6,14.7,7.5,7.8,2.36,20.1
2007,203,6,37.4,23.4,29.8,97.3,24.2,60.8,1.98,25.39,.25,38.1,29.3,33.3,32.3,31.6,32,1.4,.2,70,75,5.6,15.2,6.3,6.3,2.36,19.9
2007,204,6,38.6,24.7,30.4,93.1,27.2,60.9,1.95,25.13,10.16,39.8,31.1,34.5,32.3,31.6,31.9,1.6,.6,85,65,10.8,15.8,6.6,6.6,2.5,21
2007,205,6,33.3,25.4,28.3,93.7,44.5,74.6,1.06,16.03,0,32.7,29.2,30.8,32.2,31.3,31.9,1.7,1.2,203,44,5.9,15.6,3.7,4.3,2.82,23
2007,206,6,34.5,24.5,28,90.5,39,71.5,1.17,16.67,0,32,27.5,29.5,31.3,30.4,30.9,2.2,1.3,176,52,12.3,15.4,4.2,4.9,2.64,22
2007,207,6,35.3,23.1,29.1,95.7,33.3,64.1,1.65,22.21,0,35.3,27.3,30.9,30.7,30.1,30.4,2.1,1.2,258,54,8.8,14.9,6,5.9,2.47,20.8
2007,208,6,37.1,25.1,30,83.6,30.1,60.8,1.83,23.47,0,37.4,28.9,32.5,30.9,30.3,30.6,2.1,1.2,209,53,9.7,15.8,6.5,6.5,2.48,20.9
2007,209,6,38.5,23.9,29.2,96.1,26.1,64.5,1.75,18.02,11.43,36.5,29.4,32,31.3,30.5,30.9,2.4,1.1,169,60,13.2,15.5,4.9,6.1,2.43,20.5
2007,210,6,36.7,22.9,29.4,97.7,33.6,68.3,1.54,25.96,0,33.9,27.5,30.5,31,30.2,30.6,1.2,.6,99,57,3.7,14.9,6.1,6,2.67,22.1
2007,211,6,38.8,25.5,30.5,92,26.9,62.5,1.86,21.38,.51,36,28.8,31.3,30.8,30.1,30.5,1.9,.2,22,77,10,16.1,5.8,6.2,2.6,21.7
2007,212,6,36,25,29.3,94.8,33.3,68,1.49,18.34,0,32.8,28.2,29.9,30.9,30.2,30.5,2.1,.4,181,72,9.9,15.7,5,5.4,2.65,22
2007,213,6,35.7,23.9,28.6,94.2,39,70.9,1.32,21.67,5.59,34.2,27.3,30.1,30.4,29.7,30.1,1.7,.7,310,64,12.8,15.2,5.4,5.5,2.68,22.2
2007,214,6,37.6,24.1,31,96.4,30.3,61.1,2.01,25.89,0,34.7,27.5,30.9,30.4,29.8,30.1,1.2,.2,280,74,5.7,15.5,6.5,6.2,2.59,21.6
2007,215,6,40,25.7,33.5,85.1,22,44.9,3.18,25.55,0,37.4,28.6,32.7,30.6,30,30.3,1.7,.6,285,64,9.5,16.2,7.5,7,2.14,18.3
2007,216,6,38.8,28.1,32.4,76,24.2,48,2.66,15.35,0,35.6,30.6,32.8,31,30.5,30.8,1.7,.1,5,79,8.5,16.9,4.6,5.4,2.25,19.3
2007,217,6,33.3,24.2,28.6,86.6,33.6,63.1,1.54,10.48,.51,33.1,28.9,31.2,31,30.5,30.7,2,.8,196,63,6.7,15.1,2.8,3.8,2.41,20.4
2007,218,6,30.3,23.4,26.9,87.5,55,70.3,1.1,11.32,0,31,27.4,29.1,30.6,29.7,30.1,1.6,.9,188,53,5.4,14,2.4,3.3,2.47,20.9
2007,219,6,37.1,22.3,29.4,89.6,18,54.5,2.22,25.69,0,36,26.8,30.9,29.9,29.3,29.6,1.2,.2,143,73,5,14.7,6.4,6,2.04,17.6
2007,220,6,39.3,22.2,31.1,70.7,16.6,39.9,3.09,26.58,0,36.7,28,32.2,30.3,29.7,29.9,1.2,.6,181,57,6.2,14.8,7.2,6.4,1.65,14.3
2007,221,6,40.5,25.1,33,66.3,12.8,29,3.85,25.57,0,34.5,29,31.6,30.6,30,30.3,1.9,.9,183,60,5.3,16,7.7,7.5,1.35,11.2
2007,222,6,39.8,26.5,33.4,63.1,20.3,38.8,3.34,25.42,0,33.5,26.8,29.9,30.5,29.8,30.1,2.1,.9,190,61,6.9,16.4,7.5,7.5,1.91,16.6
2007,223,6,40.9,26.3,33.8,73.3,21.4,44,3.25,25.32,0,34.9,27.4,30.8,30.2,29.7,29.9,1.5,.9,163,51,5.8,16.4,7.1,6.8,2.17,18.7
2007,224,6,43.9,27.6,36.5,62.5,13.3,32.1,4.46,25.66,0,37.2,29,32.8,30.5,29.9,30.2,1.6,.9,235,55,7.2,16.9,8,7.5,1.83,16
2007,225,6,43.2,27.7,35.8,64.8,14,31.8,4.39,25.37,.51,37.5,30.2,33.6,31.1,30.5,30.7,2.8,1.8,211,48,14.4,16.8,8.7,9,1.7,14.7
2007,226,6,39.8,22.9,31.9,94.6,17.5,49.5,2.86,25.51,2.79,36.6,29.1,32.7,31.3,30.6,31,1.9,.8,226,61,13.6,15.2,7.1,7.1,2.08,17.9
2007,227,6,40,26.4,33.4,66.5,19.9,39.7,3.34,24.57,0,37.4,29.9,33.3,31.1,30.7,30.9,2.5,1,191,62,8.6,16.4,7.5,7.8,1.93,16.7
2007,228,6,42.5,25.6,33.2,73.7,14.7,41.1,3.3,24.57,0,38.3,30.3,33.5,31.4,30.6,31,2.2,1,92,59,15,16.3,7.6,7.8,1.96,17
2007,229,6,42,26.3,33.6,74.2,14.9,41.2,3.45,21.52,0,34,28.5,31.1,31.4,30.5,31,1,.1,9,75,3.4,16.4,6.1,5.7,1.94,16.7
2007,230,6,42.6,26.2,35.1,64.1,17,34.6,4.03,24.56,0,33.5,27.7,30.5,30.9,30.1,30.5,1.7,1.1,174,47,5.6,16.4,7.4,7.1,1.82,15.9
2007,231,6,41,27.9,33.7,64.5,22.9,40.8,3.26,24.71,0,35.5,27.6,31.2,30.6,30,30.3,2.8,2.1,193,40,11.2,16.9,7.9,8.2,2.09,18.1
2007,232,6,40.5,26.1,33.7,77.4,21.8,43.5,3.22,24.53,0,36.6,29.7,32.9,30.8,30.3,30.5,1.9,1.1,223,53,7.6,16.4,7.3,7,2.14,18.4
2007,233,6,42.1,30.1,35.9,51.1,16.7,33,4.16,24.94,0,37.3,30.6,33.6,31.1,30.7,30.9,2.5,1.9,262,38,6.9,17.2,8.3,8.4,1.86,16.2
2007,234,6,42.1,27.3,35.6,54.1,19.1,31.3,4.19,24.77,0,38.2,30.5,34,31.4,30.8,31.1,2,1.2,202,50,6.1,16.7,7.8,7.5,1.75,15.3
2007,235,6,41.4,27.7,34.4,59.4,21.6,38.9,3.53,25.02,0,38.8,31.4,34.8,31.7,31.2,31.4,2.4,1.7,180,45,14.4,16.8,7.8,7.9,2.03,17.7
2007,236,6,41.9,26.3,33.8,70.8,21,42.7,3.32,21.56,0,38.4,31.7,34.8,32.2,31.5,31.8,2.3,1.6,185,47,11.9,16.5,6.7,7.3,2.11,18.3
2007,237,6,33.8,23.5,27.9,92.8,30.5,63.1,1.49,12.1,.25,34.3,30.5,32,32,31.2,31.8,1.9,.8,112,62,9.1,14.9,3.1,4,2.3,19.6
2007,238,6,38.3,22.9,31,87.6,24.7,54.2,2.38,24.33,0,37.3,29.1,32.8,31.3,30.8,31.1,1.1,.5,148,61,5.2,15,6.4,5.7,2.27,19.5
2007,239,6,41.2,25.8,33.4,75.1,18.8,43.6,3.21,24.86,0,38.8,30.9,34.5,31.7,31.1,31.3,1.4,.4,160,67,4.6,16.2,7,6.5,2.09,18.1
2007,240,6,42.9,24.7,34.3,68.8,12,37.4,3.8,25.1,0,39.3,31.4,35.1,32.1,31.5,31.8,1.5,.5,169,66,11.8,16,7.3,6.8,1.84,15.8
2007,241,6,44.1,25.8,35.4,69.9,13.2,34.1,4.2,25.1,0,39.7,32.1,35.7,32.6,31.8,32.2,2,.7,95,66,12.4,16.4,7.9,7.8,1.78,15.5
2007,242,6,42.7,26.6,35,68.7,15.1,34.6,4,25.06,0,39.8,32.8,36.1,32.9,32.3,32.6,1.7,.8,138,60,11.8,16.5,7.8,7.2,1.79,15.5
2007,243,6,42.8,25.4,34.5,72.2,14.4,34.3,3.94,24.83,0,40,32.8,36.1,33.2,32.5,32.8,1.4,.3,26,72,8.1,16.2,7.4,6.5,1.73,15
2007,244,6,42.5,25.5,32.5,87.3,13.3,42,3.24,15.71,1.52,37.6,32.7,34.8,33.3,32.5,33,1.5,.4,75,68,12.5,16.2,4.6,5.5,1.86,16.1
2007,245,6,40.7,22.1,31.5,97.3,16.5,51.5,2.78,24.71,0,38,30.3,33.8,33,32.2,32.6,1.4,.9,98,48,5.8,14.9,6.9,6.3,2.08,17.7
2007,246,6,41,21.5,31.9,73,9.4,31.6,3.6,25.25,0,38.1,30.6,34,32.8,32,32.3,1.6,.9,100,52,9.5,14.8,7.6,6.7,1.35,11.2
2007,247,6,40,20.6,31.1,76.4,18.8,40.7,3.01,22.4,0,38.1,30.4,34,32.6,31.9,32.3,1.8,.9,180,57,8,14.3,6.7,6.4,1.73,15
2007,248,6,39.1,24.1,30.9,71.4,22.8,48.2,2.56,23.75,0,38.5,30.9,33.8,32.6,32,32.3,2.6,1.4,169,54,12.6,15.6,6.9,7.2,2.04,17.8
2007,249,6,35.6,25.4,29.8,72.6,33.2,53.8,2.04,20.14,0,30.9,27.6,29,32.6,31.2,32,4.1,3.8,164,20,9.4,15.9,6.7,7.2,2.21,19.1
2007,250,6,39,25,30.8,73.8,16.5,43.8,2.79,22.54,0,31.5,26.6,28.6,31.2,30.2,30.7,1.8,.3,246,73,5.9,15.9,6.6,6.4,1.79,15.3
2007,251,6,39.9,21,30.6,76,14.5,39.9,3.07,24.34,0,33.8,25.3,29.1,30.5,29.7,30.1,1.3,.4,138,66,4,14.4,6.7,5.9,1.57,13.5
2007,252,6,40.4,25,32.5,57.4,16.5,34.8,3.47,23.59,0,36.2,26.9,31.1,30.4,29.8,30.1,1.8,.7,173,62,7.7,16,7,6.6,1.58,13.7
2007,253,6,40,23.5,32,66.7,18,35.7,3.34,23.89,0,37.2,28.5,32.5,30.8,30.2,30.5,1.2,.6,177,57,4.6,15.4,6.8,5.7,1.58,13.8
2007,254,6,40.8,22.9,32.6,65.9,15.9,34.8,3.55,23.93,0,36.8,29.1,32.4,31.2,30.6,30.9,2,1.2,80,49,7.7,15.2,7.5,6.9,1.58,13.7
2007,255,6,41.2,24.1,32.1,59,12.5,33.1,3.54,23.83,0,32.4,26.7,29.4,31.4,30.3,30.9,1.5,.2,111,75,5.3,15.7,7.1,6.3,1.47,12.5
2007,256,6,41.2,24.5,32.1,63.9,12,35,3.46,23.46,0,31.9,25.5,28.5,30.5,29.6,30,1.6,.7,167,60,5,15.8,6.9,6.4,1.53,13
2007,257,6,41.1,24.9,32.9,55.9,13.5,33.9,3.64,22.55,0,34.9,25.8,29.9,30,29.3,29.6,1.8,1,181,52,5.7,15.9,6.9,6.5,1.56,13.4
2007,258,6,39.2,26.7,31.3,58.6,17.9,39.5,2.92,14.44,0,34.6,28.3,30.9,30.3,29.7,29.9,2.7,1.7,189,50,10.8,16.5,5.4,6.5,1.74,15.2
2007,259,6,36.4,22.4,29.2,78,33.2,54.5,1.97,17.58,.76,32.4,27.6,29.9,30.3,29.7,30,2.5,2.1,152,35,10.9,14.7,5.2,5.6,2.16,18.7
2007,260,6,35.7,19.5,28.5,75.9,12.9,44.3,2.34,21.35,0,33.8,27,29.9,29.9,29.4,29.7,3.5,3,190,32,9.1,13.4,6.9,7,1.66,13.7
2007,261,6,35.8,15.1,26.5,57.7,13.6,33.8,2.56,23.66,0,33.7,25,29.1,29.9,29,29.5,2,1.1,179,55,7.2,11.3,6.8,6.1,1.11,8.3
2007,262,6,36.4,19.5,27.6,53.1,10.2,27.5,2.95,24.48,0,33,25.6,29.1,29.7,28.9,29.2,3.2,2.7,179,31,9.1,13.4,8.3,8,.91,5.3
2007,263,6,35.2,15.7,26.7,65.9,20.7,33.6,2.53,21.59,0,31.6,24.9,28.2,29.5,28.6,29,3,2.4,178,38,13.9,11.5,7.2,6.9,1.16,8.8
2007,264,6,37.2,18.5,28.7,78.4,15.5,40.2,2.72,22.95,0,33.2,25.4,29.2,29.1,28.5,28.7,2.3,1.4,162,52,11.1,13.1,7.2,6.5,1.42,12
2007,265,6,35.1,24.2,29.1,67.9,28.5,40.6,2.46,14.94,0,30.1,25.4,28.4,29.2,28.7,28.9,3.7,2.8,203,39,10.5,15.3,5.9,6.8,1.61,13.9
2007,266,6,30.4,18.5,24.8,46,19.9,31.5,2.21,22.72,0,27.1,22.1,24.5,28.7,27.5,28.1,2.3,1.9,260,32,7.8,11.6,6.6,5.7,.98,6.5
2007,267,6,31.4,14.3,22.4,55.4,11.3,30.6,2.09,24.11,0,26.4,19.1,22.5,27.6,26.2,26.9,1.4,.6,175,63,4.9,9.9,6.1,5,.75,2.8
2007,268,6,34,10.7,23.1,66.8,12.9,31.8,2.28,23.63,0,28.9,19.2,23.7,26.6,25.6,26.1,1.1,.2,294,73,4.4,9.1,6,4.7,.79,3.5
2007,269,6,35.8,13.1,24.2,66.7,8.6,30.5,2.53,23.71,0,30.3,20.9,25.2,26.5,25.7,26.1,1.1,.2,321,72,4,10.4,6.2,4.9,.77,3.1
2007,270,6,36.4,13.7,25.3,56.2,8.2,26.4,2.78,20.76,0,30,21.8,25.8,26.7,26,26.3,1,.1,147,76,3.3,10.8,5.5,4.4,.73,2.2
2007,271,6,36,18.4,27.4,48.5,13.6,26.7,2.87,17.2,0,29.7,23.5,26.4,26.7,26.2,26.5,2.5,1.9,194,40,8.2,12.9,6,6.3,.93,5.9
2007,272,6,33.5,17.1,25.6,70.2,16.2,37.5,2.27,23.62,0,31.1,23.9,27.2,27,26.3,26.6,2,.9,243,62,9.3,11.8,6.9,5.8,1.15,8.9
2007,273,6,35.7,15.5,26.1,69.6,20.6,39.3,2.41,21.45,0,31.8,23.4,27.3,27.1,26.4,26.7,1.2,.1,134,78,5.1,11.6,5.6,4.6,1.21,9.8
2007,274,6,33.2,22.6,27.7,66.4,25.5,43.6,2.21,12.79,0,30.4,25.9,28,27.2,26.8,27,1.5,.3,326,73,4.6,14.4,3.8,4,1.57,13.6
2007,275,6,33,22.4,27.1,73.9,32.3,54.2,1.75,13.28,0,30.8,26,28,27.3,26.9,27.1,1.2,.5,158,60,4.7,14.2,3.4,3.5,1.9,16.6
2007,276,6,35.7,21,28.1,77.5,26.6,51.4,2.09,19.24,0,33,25.6,28.8,27.5,27,27.2,1.1,.6,189,55,5.8,14,5,4.3,1.85,16.2
2007,277,6,36.1,21.8,28.5,67.5,24.1,43.9,2.39,17.68,0,31.8,26.1,28.8,27.8,27.4,27.6,3.2,2.9,184,28,9.1,14.4,6.1,6.5,1.62,14.1
2007,278,6,33.9,18.9,26,67.7,11.4,32.8,2.45,21.49,0,30.4,25.1,27.6,27.9,27.2,27.6,4.4,3.6,194,35,12.6,12.7,8.3,8,1.02,6.4
2007,279,6,25,13.2,19,31.7,6.9,20.1,1.83,22.68,0,28.8,23.1,25.6,27.6,26.6,27.2,2.5,2.1,261,34,6.8,6.4,6.3,5.4,.42,-5.3
2007,280,6,28.3,5.6,17.9,55.6,7.7,22.6,1.82,23.12,0,27.5,20.1,23.6,27,25.7,26.4,1.5,1,352,46,6.1,5.9,5.9,4.5,.39,-6
2007,281,6,34.6,6.6,21.4,59.8,8.2,23.7,2.41,21.96,0,28.4,19.6,23.7,26.2,25.1,25.7,1.3,.5,297,64,6.9,8.2,5.9,4.7,.49,-3
2007,282,6,36,12.3,24.3,53.2,8.1,20.1,2.7,21.15,0,29.7,21.8,25.3,25.9,25.2,25.5,1.7,1,195,53,4.8,10.1,6.2,5.4,.56,-1.3
2007,283,6,35,13.2,23.1,39.9,6.6,21.2,2.57,22.05,0,29.6,21.6,25.3,26.1,25.3,25.7,1.5,.5,193,66,4.6,10.3,6.1,5,.52,-2.4
2007,284,6,35.2,10.4,21.9,55.1,6.7,25.9,2.32,22.03,0,29.1,21.1,24.8,26.1,25.1,25.6,1.1,.2,180,75,3.9,9.4,5.7,4.5,.58,-.9
2007,285,6,34.2,10.7,23,61.8,7.8,22.9,2.5,20.79,0,28.9,21.1,24.7,25.9,25,25.5,1.4,.5,214,66,5.8,9.1,5.7,4.6,.55,-1.6
2007,286,6,27.3,13.2,21.2,56.5,16,31.8,1.8,20.1,0,27.7,21.8,24.5,25.7,25,25.4,2.4,2,260,34,6.5,7.5,5.7,4.8,.78,3.3
2007,287,6,29.5,11.4,20.6,62.5,16.6,37.8,1.7,20.64,0,28.1,21,24.3,25.5,24.8,25.2,1.5,.7,187,60,4.4,7.9,5.1,4.2,.86,4.7
2007,288,6,31.5,8.9,20.3,66.2,10.4,34.2,1.84,20.78,0,28.1,20.6,24,25.5,24.6,25,1.2,.2,133,73,7,8,5.1,4,.73,2.3
2007,289,6,30.4,14.5,22,46.3,16,29.2,2.02,19.44,0,26.9,20.9,23.7,25.2,24.5,24.9,3.8,2.7,220,44,11.1,9.7,6.8,6.6,.74,2.5
2007,290,6,27.9,12.4,20.2,63.3,18,38.7,1.58,20.25,0,26.7,20.6,23.5,25,24.3,24.7,2.2,1.4,253,51,8.2,7.5,5.5,4.6,.87,4.9
2007,291,6,29.8,8.4,19.5,80.1,13.4,37.9,1.64,19.96,0,26.8,19.9,23.1,24.9,24,24.5,1.5,.2,240,77,5.4,7.2,4.9,4,.77,3.1
2007,292,6,32.8,8.6,20.3,72.5,10.4,33.2,1.98,19.94,0,27,19.6,23.1,24.8,23.8,24.3,1.2,.1,301,78,4.1,8.3,5.1,4,.67,1.1
2007,293,6,34.8,9.2,23.1,64.5,9.7,25.6,2.5,19.84,0,27.7,19.9,23.6,24.6,23.9,24.2,1.7,.9,239,57,6.1,8.8,5.8,5,.61,-.2
2007,294,6,26.4,14.7,21.6,27.7,4.2,12,2.31,18.94,0,25.4,21.5,23.2,24.5,24.1,24.3,4.4,3.8,351,31,11,7.8,7.6,7,.3,-10.4
2007,295,6,26.6,9,17.7,49.6,8.2,17.3,1.79,20.06,0,24.7,18.7,21.4,24.4,23.4,24,2.5,2.1,25,33,8.4,5.7,5.9,5.1,.33,-8.4
2007,296,6,30.1,6.6,19.1,53.8,7.5,20.9,2.02,19.7,0,25,17.6,21,23.9,22.9,23.4,2.3,1.9,46,34,7,7,6,5.2,.41,-5.7
2007,297,6,35.2,12.7,23.8,52.4,8.8,19,2.69,19.02,0,26.1,19.2,22.3,23.6,22.9,23.2,3.5,3,65,29,12.3,10.2,7.5,7.4,.51,-2.6
2007,298,6,34.2,10,21.7,53.9,9.5,27.8,2.26,18.98,0,26.8,19.2,22.7,23.8,23,23.4,1.3,.5,103,62,6.9,9,5.2,4,.62,.2
2007,299,6,34.2,9.4,20.5,62.1,9.2,31.6,2.02,18.51,0,26.8,19.2,22.7,23.9,23.1,23.5,.8,.2,13,69,3.6,8.9,4.5,3.2,.66,.9
2007,300,6,33.6,10.6,21,69.2,9.8,30,2.08,16.91,0,26.3,19.5,22.7,23.9,23.1,23.5,1.1,.5,333,57,4,8.9,4.4,3.4,.64,.7
2007,301,6,35.4,9.5,22.1,62.5,9.1,28.7,2.32,16.95,0,26.4,19.5,22.7,23.9,23.1,23.5,1.3,.6,53,59,6.8,9,4.8,3.9,.65,.9
2007,302,6,35,13.1,23.9,64.7,8,24.3,2.59,16.91,0,26.5,20.2,23.1,23.9,23.2,23.5,2.4,1.8,94,41,9.9,10.2,5.8,5.4,.62,.1
2007,303,6,32.5,12,21.9,52.2,10.4,25.6,2.21,17.55,0,26.6,19.8,22.9,23.9,23.2,23.6,1.7,.7,228,63,6.9,9.2,5.1,4.2,.61,-.1
2007,304,6,28.8,11.9,19,57.8,11.5,33.9,1.62,15.65,0,25.6,19.8,22.4,23.9,23.1,23.5,1.1,.3,157,66,3.7,7.7,3.7,2.9,.69,1.6
2007,305,6,29.5,7.2,17.7,72.7,12.1,35.6,1.59,17.53,0,25.2,18.3,21.5,23.7,22.8,23.3,1.1,.2,336,75,3.8,6.8,4.2,3,.63,.4
2007,306,6,29.4,6.6,17.4,70,11.8,37.2,1.51,17.04,0,24.5,17.9,21,23.4,22.5,23,1.1,.2,25,72,3.7,6.6,4,3,.65,.9
2007,307,6,32,5.6,18.4,76.5,9.8,34.1,1.77,17.02,0,24.7,17.5,20.9,23.2,22.2,22.7,.9,.3,343,67,4.1,7.5,4.1,2.9,.6,-.3
2007,308,6,33.4,8.8,20.8,67.6,10.9,31.4,2.06,16.45,0,25.4,18.3,21.6,23,22.2,22.6,1.1,.1,90,78,3.8,8.5,4.3,3.3,.66,1.1
2007,309,6,33.8,9.2,20.5,67.2,11,33,1.96,16.56,0,25.6,18.8,21.9,23.1,22.3,22.7,1,.1,141,78,3.7,8.6,4.1,3.1,.7,1.8
2007,310,6,34.6,9,21.4,65.3,9.9,30.3,2.1,15.89,0,25.6,19,22,23.1,22.3,22.7,1.2,.3,89,72,4.5,8.8,4.2,3.5,.68,1.4
2007,311,6,32.8,11.1,21.7,56.3,12.2,29.6,2.09,15.87,0,26,19.4,22.4,23.2,22.5,22.8,1.1,.1,102,77,4.2,8.9,4.1,3,.7,1.8
2007,312,6,31.6,9.5,20.6,66.9,13.8,35.5,1.82,15.83,0,25.9,19.4,22.4,23.2,22.5,22.9,1.1,.1,37,78,3.1,8.1,3.9,3,.79,3.6
2007,313,6,29.5,10.2,19.7,66.7,13.8,36.7,1.66,13.11,0,24.5,19.3,21.8,23.3,22.6,22.9,1.3,.3,201,72,3.4,7.5,3.3,3,.77,3.2
2007,314,6,28.5,9.8,18.6,63.5,17.5,39.2,1.48,14.4,0,24.6,18.7,21.3,23,22.3,22.7,1.1,.3,170,67,3.7,6.9,3.3,2.6,.79,3.5
2007,315,6,26.6,8.6,17.1,72.7,25.7,48.5,1.14,15.46,0,24.1,18.2,20.9,22.9,22.1,22.5,1.3,.1,242,77,4.6,5.7,3.4,2.7,.9,5.4
2007,316,6,27.2,8.8,17,71.2,21.1,46.4,1.21,12.74,0,23.4,17.9,20.4,22.6,21.9,22.3,1.1,.4,146,64,4.4,6,2.9,2.5,.85,4.5
2007,317,6,29.7,7.5,18.4,77.6,17.8,42.7,1.48,15.1,0,24.2,17.6,20.7,22.4,21.6,22,.9,.2,170,72,3.2,6.9,3.4,2.5,.81,4
2007,318,6,29.4,6.7,17.7,73.1,16.4,44.1,1.39,15.33,0,24.5,17.5,20.9,22.4,21.6,22,1,.1,124,76,3.2,6.6,3.4,2.5,.81,4
2007,319,6,26.8,10,18.6,67,14.4,34.9,1.58,7.95,0,22.1,16.7,18.4,22.5,21.5,22,3.2,2.5,73,37,12.4,6.1,3.7,4.5,.67,1
2007,320,6,27.6,11.2,19.4,59.5,17,35.2,1.59,14.25,0,20.2,15.4,17.5,21.6,20.5,21,1.3,.2,88,73,3.7,6.9,3.5,2.8,.74,2.6
2007,321,6,27.9,8,17.5,70.8,18.4,42.3,1.34,14.93,0,20.1,14.7,17.2,20.9,20.1,20.5,1.1,.2,112,74,3.1,6.2,3.3,2.5,.78,3.4
2007,322,6,28.4,6,16.8,75.2,17.8,43.8,1.34,14.96,0,19.8,14,16.7,20.6,19.7,20.2,.8,.1,163,74,3,6.1,3.2,2.2,.76,3
2007,323,6,29.5,4.2,16.4,75.5,13.1,41.5,1.39,15.2,0,19.2,13.3,16.1,20.2,19.3,19.8,1,.1,222,75,3.2,6.3,3.3,2.5,.67,1.3
2007,324,6,29.2,5.5,17,69.7,12.9,37.4,1.5,13.85,0,19.1,13,15.9,19.8,19,19.4,1.1,.2,308,74,3.3,6.3,3.3,2.6,.63,.5
2007,325,6,25.5,6.2,16.5,65.6,15.9,36.1,1.39,12.14,0,18.7,13.3,16.1,19.5,18.9,19.2,1.4,.7,262,58,5.2,4.8,3,2.6,.62,.2
2007,326,6,26.1,7.4,16.7,62.7,13.5,29.3,1.49,14.42,0,20.4,14.4,17.1,19.4,18.8,19.1,1.4,.7,254,57,6.4,5.2,3.6,2.7,.51,-2.6
2007,327,6,20,3.4,11.8,63.4,8.9,28,1.11,15,0,18.5,13.2,15.7,19.5,18.7,19.1,1.8,1.2,240,47,6.9,2.2,3.7,2.8,.34,-8.3
2007,328,6,20.4,.7,11.1,58.3,11.9,27.2,1.09,14.75,0,17,11.5,14,19,18,18.5,2.4,2.1,4,29,10.3,2.1,4.1,3.3,.32,-8.4
2007,329,6,20.1,1,10.4,64.5,16.4,38.7,.87,13.92,0,17.1,10.9,13.8,18.2,17.4,17.8,1.1,.4,164,65,3.8,2,2.7,1.9,.46,-3.9
2007,330,6,19.5,5.2,11.1,61.2,18.7,38.2,.9,10.03,0,16.8,12.3,14.3,17.8,17.3,17.5,.8,.2,347,68,2.9,2.1,1.9,1.6,.48,-3.4
2007,331,6,21.6,2.6,11.8,67.1,18,39.2,.95,10.41,0,16.5,11.5,13.9,17.7,17,17.3,.9,.1,179,75,2.5,2.7,2,1.7,.5,-2.6
2007,332,6,23.5,6.4,14.3,60.2,15.3,35.9,1.16,10.95,0,17.6,12.6,14.8,17.4,16.9,17.2,1.2,.2,172,73,4.1,3.9,2.4,2.3,.55,-1.5
2007,333,6,21.4,11.6,16.8,72.2,18.2,39.5,1.2,5.99,0,17.3,14.3,15.8,17.5,17.2,17.3,1.3,.6,111,59,6.1,3.9,1.5,2.1,.75,1.9
2007,334,6,20.9,15.7,17.1,99.9,66.8,89,.22,2.37,29.97,17.4,16.4,16.9,17.9,17.4,17.6,2.1,1.7,139,36,8.4,5.5,0,1.1,1.73,15.2
2007,335,6,20,9.1,15,97.5,47.8,75.5,.42,9,1.02,17.1,13.6,15.9,18,17.7,17.9,5.4,4.5,208,33,13.9,2.7,2,2.2,1.31,10.7
2007,336,6,17.1,4.2,10.1,96.8,34.1,73.1,.4,14.41,0,15.9,10.8,13.2,17.8,16.9,17.4,1.1,.5,327,58,4.1,1.1,2.2,1.5,.87,4.9
2007,337,6,22.2,3.4,11.3,98.1,29.2,73,.5,14.33,0,15.9,9.9,12.7,17,16.2,16.6,1.1,.3,344,70,3.9,3,2.3,1.8,.93,5.8
2007,338,6,22.8,5.1,12.6,97.6,26.3,72.4,.57,13.93,0,16.4,10.2,13.1,16.6,15.9,16.3,1,.4,204,63,3.1,3.5,2.3,1.7,.99,6.7
2007,339,6,22.9,4.6,12.6,99.6,37.5,76.4,.47,13.01,0,16.4,10.5,13.3,16.5,15.9,16.2,1.2,.6,171,59,4.2,3.5,2.1,1.8,1.08,7.9
2007,340,6,21.8,5.6,13.1,99.1,39.3,76.3,.44,10.35,0,16.9,11.1,14,16.4,15.8,16.1,1.2,.1,242,78,4.7,3.1,1.5,1.6,1.12,8.6
2007,341,6,22,9.8,16.5,95.8,50,73.1,.58,6.18,3.81,16,13.8,15,16.5,16,16.3,4.9,4.6,201,21,14.2,3.7,2,2.5,1.34,11.2
2007,342,6,14.3,6.9,11.1,97.3,44.8,76.5,.32,10.27,12.19,15,12,13.9,16.5,16.1,16.3,2.7,1.6,231,52,7.5,.3,1.6,1.4,1,6.8
2007,343,6,13.3,6,9.2,97.8,62.9,84.3,.2,5.75,0,13.2,10.9,11.8,16.2,15.4,15.8,1.4,1.2,346,33,4.1,.1,.4,1,.97,6.6
2007,344,6,14.1,7.5,9.9,100,70.4,89.4,.14,7.87,6.86,14.4,10.9,12.3,15.5,15.1,15.3,1.8,.9,204,56,10.2,.3,.7,1.1,1.08,8.1
2007,345,6,12.5,5.8,8.9,98,71,89.4,.13,5.95,.51,12.5,10.3,11.5,15.3,14.9,15.1,2.1,1.3,152,48,5.8,0,.4,.9,1.01,7.2
2007,346,6,14.3,2.5,7.8,100,53.6,87.2,.18,12.72,0,14.1,8.6,11.1,14.9,14.4,14.6,.8,.3,316,64,3.5,.2,1.5,1.1,.91,5.5
2007,347,6,16.1,2.1,8.3,98.5,40.5,76.7,.32,12.81,0,13.9,7.8,10.6,14.6,14,14.3,1.2,.2,248,72,3.3,.7,1.7,1.3,.81,3.9
2007,348,6,13.3,2.2,7.2,91.9,40.3,70.1,.35,12.61,0,12.2,7.5,9.6,14.2,13.7,14,2.2,1.5,228,46,6.5,0,2,1.6,.69,1.7
2007,349,6,13.9,-.8,5.7,100,22,67.6,.39,12.79,0,11.4,5.8,8.5,13.8,13.1,13.4,1.2,.8,8,46,5.4,.1,1.8,1.3,.57,-1
2007,350,6,15.4,-.8,6.4,94,26.5,69.5,.39,10.25,0,11.1,5.5,8.2,13.2,12.6,12.9,.9,.1,25,76,4,.4,1.3,1.2,.63,.2
2007,351,6,18,-.9,7.5,98.6,24.1,71.1,.42,12.47,0,12.6,5.9,9,12.8,12.4,12.6,.9,.2,196,70,2.9,1.2,1.7,1.3,.69,1.6
2007,352,6,17.8,-.6,7.8,99.7,30.9,73.3,.4,12.45,0,13,6.4,9.4,12.9,12.4,12.6,1,.1,211,77,3.6,1.1,1.8,1.4,.74,2.6
2007,353,6,18,1.5,8.5,98.6,30.6,72.8,.41,12.03,0,13.7,7.2,10.1,12.9,12.4,12.7,1,.3,167,68,4,1.3,1.7,1.4,.76,3
2007,354,6,17.1,.5,8.6,99.6,32.4,73.3,.4,12.12,0,13.7,7.2,10.3,13,12.6,12.8,1,.2,77,73,4.2,1,1.7,1.3,.78,3.3
2007,355,6,14.3,4.4,10,89.2,23.3,53.7,.6,11.84,0,13.7,9.7,11.3,13.2,12.9,13,3.4,2.9,256,32,9.9,.2,2.9,2.3,.64,-.4
2007,356,6,12.5,-1.7,5.5,77,21.7,46.5,.54,12.89,0,11.3,6.1,8.7,13.1,12.2,12.7,1.4,.9,350,48,4.5,0,2.1,1.5,.4,-5.9
2007,357,6,15.1,-3.5,5.2,94.4,19.2,58.5,.48,12.52,0,10.9,4.6,7.4,12.2,11.4,11.8,.9,.5,187,56,3.3,.3,1.7,1.3,.47,-3.7
2007,358,6,18.1,-2.4,7.2,94.8,22.4,60.1,.54,12.17,0,11.3,4.9,7.9,11.6,11.1,11.4,1.2,.3,204,69,4,1.2,1.8,1.6,.56,-1.2
2007,359,6,14.3,-.5,6.6,89.2,11.3,47.8,.61,12.4,0,9.1,5.5,7.2,11.6,11,11.3,2.6,1.7,306,48,11.6,.2,2.9,2.3,.41,-6.2
2007,360,6,13.4,-4.4,3.8,85.5,14.6,51,.49,12.93,0,9.4,3.6,6,11,10.4,10.7,1,.4,162,59,4,0,1.9,1.3,.36,-7.1
2007,361,6,11.4,-.8,5.9,74.3,16,33.8,.65,13.04,0,9.3,4.2,6.2,10.6,10.2,10.4,3.3,2.7,268,33,9,0,3,2.5,.3,-9.5
2007,362,6,12.3,-4.1,3.4,82.2,16,49.7,.46,12.49,0,9.8,3.5,6.2,10.3,9.9,10.1,.9,.2,197,69,3.3,0,1.7,1.2,.36,-7.2
2007,363,6,12.6,-3.7,4.3,87.9,14.6,52.9,.49,11.8,0,10,3.8,6.6,10.3,9.9,10,.8,.1,91,74,3,0,1.7,1.1,.39,-6.1
2007,364,6,15.9,-3.7,5.4,89.7,23.1,57.4,.49,12.73,0,11,4.1,7.2,10.3,9.8,10,.9,0,74,80,4.1,.5,1.9,1.3,.47,-3.6
2007,365,6,18.2,-2.7,6.9,90.7,22.7,57,.56,12.79,0,11.6,4.6,7.8,10.4,9.9,10.2,1.2,.2,229,75,3.4,1.2,2,1.6,.52,-2.2
