2009,1,6,19.8,.7,9.7,97,31.5,68.8,.51,12.44,0,13.2,6.9,9.8,12.2,12,12.1,1.2,.4,179,66,3.3,1.9,1.9,1.6,.78,3.3
2009,2,6,19.6,.6,9.1,97.9,30.3,71.2,.47,12.47,0,13.3,6.9,9.8,12.4,12.1,12.3,1,.2,238,71,3.6,1.8,1.8,1.5,.77,3.2
2009,3,6,18.3,1.6,10.3,93.3,32.7,66.6,.52,9.81,0,12.8,7.4,10.1,12.4,12.2,12.3,1.6,.5,270,68,6.4,1.4,1.7,1.7,.8,3.6
2009,4,6,12.2,7.2,9.8,97.7,75.4,87.1,.16,3.84,2.79,12.2,9.9,10.9,12.6,12.4,12.5,1,.2,222,74,4.1,0,0,.7,1.06,7.7
2009,5,6,15.1,3.9,9.4,97,40.5,62.1,.48,12.29,0,13,8.4,10.6,12.7,12.5,12.6,1.7,1.5,247,28,3.8,.5,2,1.6,.72,2.1
2009,6,6,14.9,1,7.6,88.8,18.3,60.5,.49,12.47,0,12.6,6.9,9.6,12.7,12.3,12.5,1.2,.7,174,51,3.6,.3,1.9,1.4,.59,-.6
2009,7,6,16.7,-.9,6.9,95.5,31.4,70.1,.4,12.67,0,12.6,6.2,9.1,12.5,12,12.3,.9,.3,147,66,2.9,.8,1.7,1.3,.66,1
2009,8,6,18.5,.6,8.3,97.2,35.9,72.8,.4,11.64,0,12.9,6.5,9.4,12.3,11.9,12.1,1,.6,158,51,3.1,1.4,1.6,1.4,.76,3
2009,9,6,19,.7,9.6,97.5,28.2,64,.57,12.56,0,13.3,6.9,9.9,12.2,12,12.1,2,.9,289,60,6.4,1.6,2.4,2.1,.71,2
2009,10,6,18,1.9,9.9,72.2,14,37.8,.86,13.35,0,13,7,9.9,12.3,12.1,12.2,2.1,1.6,344,42,5.8,1.3,3.1,2.6,.42,-5.2
2009,11,6,20.4,.4,9.3,80.2,12.7,46.8,.8,12.84,0,13.2,6.6,9.6,12.3,11.9,12.1,1.5,.7,334,60,5.1,2.1,2.6,2.2,.48,-3.4
2009,12,6,22.9,.2,10.6,87.3,18.2,50.5,.81,13.37,0,14.1,7,10.2,12.2,12,12.1,1.1,.4,162,64,4.1,3.1,2.4,2,.58,-.7
2009,13,6,22.9,1.8,11,86.4,14.6,50.9,.85,13.4,0,16.7,7.6,11.2,14.2,12.2,12.8,1.5,.2,295,76,4.6,3.1,2.8,2.4,.58,-.7
2009,14,6,22.5,.1,10.2,91.2,14.4,54,.79,13.55,0,13.7,7.2,10.3,13,12.3,12.6,1.1,.3,206,68,4.2,2.8,2.5,2,.59,-.5
2009,15,6,24.6,.5,11.3,86.9,14.9,52.2,.9,13.62,0,13.4,6.7,9.9,12.5,12.1,12.3,1.2,.1,355,77,4,3.7,2.7,2.2,.61,-.1
2009,16,6,25,1.8,12.4,84.5,14.4,48.4,1.02,13.73,0,13.2,6.8,9.9,12.3,12,12.2,1.3,.5,14,64,4.6,4,3,2.5,.59,-.4
2009,17,6,25,3.4,12.8,81.2,14.1,48,1.01,13.66,0,13.7,7.4,10.3,12.3,12,12.2,1.2,.3,351,71,4.2,4.2,2.9,2.3,.61,0
2009,18,6,25.8,3.5,13.6,78.7,13.1,44.8,1.11,12.81,0,13.9,7.5,10.5,12.4,12.1,12.3,1.5,.9,7,51,5.8,4.5,3,2.8,.6,-.3
2009,19,6,26.1,5.8,15.5,70.1,14.1,37.8,1.3,13.66,0,15.5,8.8,11.9,12.7,12.3,12.5,1.6,1.3,9,32,5,5,3.4,2.9,.6,-.4
2009,20,6,26.7,5.4,15.1,72.2,13,39.1,1.25,13.3,0,16.2,9.5,12.6,13.1,12.7,12.9,1.5,1,17,43,5.2,5.1,3.2,2.8,.61,-.1
2009,21,6,27,11.1,18.9,78.2,14.1,30.1,1.62,10.64,0,17.2,11.8,14.2,13.6,13.1,13.3,2.1,1.7,13,35,5.4,6.5,3.3,3.6,.63,0
2009,22,6,23.1,13,17.3,95.3,54.5,79.4,.46,9.36,0,18.1,14,15.8,14.4,13.6,14,1.9,1.3,86,47,6.7,5.3,1.7,1.9,1.56,13.5
2009,23,6,22.8,12.5,16.7,96,48.5,81,.41,6.82,0,17.7,14.2,15.8,14.8,14.4,14.6,1,.5,206,58,4.8,4.9,.8,1.4,1.52,13.2
2009,24,6,23.4,10.9,17.1,95.7,37.3,70.3,.67,12.32,0,19.1,14.8,16.6,15.3,14.8,15,1.4,.9,184,49,4.2,4.7,2.2,2.1,1.33,11
2009,25,6,22.1,6.9,14.7,95.4,32.2,62.2,.75,14.38,0,18.4,12.5,15.1,15.4,15.1,15.2,2,1.5,206,44,5.4,3.3,2.9,2.5,.99,6.6
2009,26,6,16.1,6.3,12,79.9,20.3,44.1,.83,15.34,0,16.1,11.9,13.9,15.3,15,15.2,3,2.5,253,33,8.1,.9,3.7,2.9,.59,-.9
2009,27,6,15.9,.7,8.4,74.3,16.9,43.3,.7,15.61,0,15.1,9.3,12,15,14.4,14.7,1.9,1.1,296,53,8.4,.6,3.1,2.3,.44,-4.5
2009,28,6,16.7,-1,7.8,77.2,18.3,43.3,.71,15.78,0,14.6,7.9,11,14.4,13.7,14.1,1.5,.4,266,70,4.8,.8,2.9,2.2,.42,-5.2
2009,29,6,22,-.8,9.8,80.5,11.5,40.9,.94,16.06,0,14.5,7.5,10.8,13.8,13.3,13.6,2,1.2,1,52,8.4,2.6,3.8,3.1,.41,-5.4
2009,30,6,23.5,.8,11.8,64.5,10.8,32.4,1.11,16.01,0,15.3,7.9,11.3,13.5,13.1,13.3,1.8,1.2,41,47,6.8,3.3,3.9,3.2,.41,-5.5
2009,31,6,24.7,.6,11.8,67.6,9.9,32.6,1.15,16.18,0,15.8,8,11.5,13.4,13.1,13.2,1.2,.2,59,76,4.3,3.7,3.5,2.7,.38,-6.3
2009,32,6,22.5,-.4,10.5,74.8,14.2,41.1,.94,16.19,0,15.6,8.1,11.6,13.4,13,13.2,1.2,.1,318,78,4.2,2.8,3.2,2.5,.46,-3.8
2009,33,6,23.7,2.8,12.9,61.2,11.5,31.1,1.2,16.61,0,16,8.7,12.1,13.4,13.1,13.3,1.7,1.2,15,43,5.5,3.5,3.9,3.2,.41,-5.3
2009,34,6,26.1,1.6,12.6,69.8,10.3,37.3,1.21,16.83,0,16.3,8.6,12.2,13.5,13.2,13.3,1.3,.3,25,70,5.4,4.4,3.8,3,.45,-4.1
2009,35,6,29.1,1.3,14,73.3,7.8,35.6,1.4,16.34,0,16.8,9,12.6,13.6,13.3,13.4,1.4,.6,129,62,7.2,5.7,3.9,3.4,.46,-4
2009,36,6,28.3,3,14.6,66,9,32.3,1.43,15.31,0,16.1,9.5,12.7,13.7,13.4,13.6,1.5,1,211,68,5.4,5.5,3.8,3.5,.45,-4.2
2009,37,6,22.3,7,14.8,74.6,26.3,48.4,.94,16.87,0,17.8,10.7,13.9,14,13.6,13.7,2.2,1.7,169,38,7,3.5,3.7,3.1,.8,3.5
2009,38,6,21.5,4.5,13.6,88.9,29.2,60.1,.74,14.41,1.02,16.7,11.3,14,14.2,14,14.1,3,2.4,189,37,9.5,2.9,3.4,3.1,.89,5.2
2009,39,6,16.7,7.4,11.3,97.3,39,75.7,.38,13.93,.51,15.8,12,13.7,14.4,14.2,14.3,2.7,1.4,201,56,7.2,1.1,2.3,2.2,.98,6.6
2009,40,6,16.9,6.1,10.7,92.7,37.8,70.5,.45,10.59,8.13,14.4,10.8,12.4,14.3,14,14.1,5.7,4.8,182,33,15,1.1,2.8,2.9,.87,4.9
2009,41,6,13.1,2.4,7.7,88.4,35.7,66.5,.39,18.06,0,13.1,8.4,10.6,14,13.4,13.7,3.1,2.6,251,33,8.7,0,3.1,2.3,.68,1.4
2009,42,6,16.5,-.7,7.8,96.5,25.2,65.7,.47,17.5,0,14.2,6.3,10,13.5,12.8,13.1,1.3,.5,105,64,4.8,.8,2.7,2.1,.65,.7
2009,43,6,16.5,4,9.8,93.6,27.3,61.8,.56,16.66,0,15,8.8,11.4,13,12.8,12.9,2.2,1.5,241,44,8.8,.9,3.4,2.5,.7,1.7
2009,44,6,17.3,-.7,7.9,93.6,15.7,58.3,.59,17.78,0,15.6,6.9,10.9,13.1,12.7,12.9,1.1,.4,177,65,4.4,1,2.9,2.2,.56,-1.3
2009,45,6,15.9,2.3,8.8,78.1,24.3,53.8,.6,17.8,0,15.7,7.8,11.3,13,12.7,12.9,1.9,1.1,215,51,7.8,.7,3.2,2.5,.57,-.9
2009,46,6,17,.8,8.9,89.9,27.9,61.1,.56,12.03,0,14.3,8,11.1,13.1,12.7,12.9,1,0,84,79,4.1,.9,1.8,1.8,.65,.9
2009,47,6,21.7,.4,11.6,93.6,17.3,53.2,.82,16.89,0,16.2,8.3,12.1,13.1,12.7,12.9,2.1,.7,222,67,9.6,2.6,3.7,3.2,.65,.9
2009,48,6,17.4,8.4,12.8,97.8,31.7,64.1,.58,15.65,3.56,16.8,11.9,13.8,13.6,13.1,13.3,1.8,1.1,252,48,6.6,1.5,2.9,2.4,.92,5.3
2009,49,6,18.6,2.4,10.3,90.2,15.8,56.2,.68,18.39,0,16.9,8.8,12.6,13.7,13.3,13.5,1.5,.6,322,64,6.1,1.6,3.4,2.6,.64,.3
2009,50,6,22.3,.7,11,91,10.5,48.9,.92,18.81,0,17,8.2,12.4,13.7,13.2,13.5,1.4,.7,25,58,5.7,2.8,3.9,3,.53,-2.3
2009,51,6,24.4,.9,12.6,84.3,9.5,41.5,1.12,18.42,0,18,8.7,13.1,13.7,13.3,13.5,1.3,.2,295,74,5,3.6,3.9,3.2,.5,-3.1
2009,52,6,23.9,.9,12.8,83.6,16.6,46.1,1.01,16.89,0,18,9.8,13.7,13.9,13.6,13.8,1.5,.3,64,73,5.2,3.4,3.5,3.1,.61,-.1
2009,53,6,25.5,6.6,15.4,81.8,14.4,45.5,1.17,12.97,0,18.6,11.6,14.7,14.3,13.9,14.1,1.1,.2,320,74,4.8,4.8,2.8,2.8,.71,2
2009,54,6,28.9,9.8,18.6,74.8,13.3,41.3,1.51,13.4,0,19.9,13.3,16.2,19.5,13.9,15.5,1.2,.4,262,67,4.5,7,3.2,3.2,.78,3.2
2009,55,6,28.7,7.4,18.6,78,14.8,40.9,1.5,18.57,0,19.8,12.8,16.1,15.6,13.8,15.4,1.2,.1,344,77,4,6.5,4.3,3.5,.78,3.4
2009,56,6,29.4,8,19.2,78,10.8,39.1,1.68,19.23,0,19.2,12.5,15.6,15.7,15.4,15.6,1.8,1.1,253,50,7.9,6.9,5.1,4.3,.74,2.3
2009,57,6,25.4,7.1,17.1,63.4,12.2,31.6,1.5,20.33,0,18.6,11.3,14.7,15.7,15.2,15.5,2.3,1.5,226,47,8.8,4.9,5.4,4.5,.55,-1.4
2009,58,6,26.3,4.7,15.6,71.1,11.7,35.7,1.35,19.65,0,20.2,10.9,15.2,15.5,15.1,15.3,1.3,.4,210,66,5.7,5,4.4,3.5,.56,-1.2
2009,59,6,29,6,16.9,75.6,8.8,34.8,1.57,20.67,0,20.9,11.7,16,15.7,15.3,15.5,1.5,.8,358,55,7.2,6.4,5,4.1,.55,-1.7
2009,60,6,29.8,8.1,19,57.8,8.4,24.9,1.88,21.49,0,21.2,12.9,16.7,16,15.6,15.8,3.4,2.9,65,31,11.9,7.1,7.1,6.5,.49,-3.3
2009,61,6,31.2,6.2,18.9,58.3,8,27.7,1.92,20.59,0,22.5,12.8,17.3,16.3,15.9,16.1,1.3,.5,75,63,4.7,7.3,5.1,4.2,.51,-2.5
2009,62,6,29,9,19.3,71.3,11.9,33.1,1.74,15.18,0,21.5,14.6,18,16.6,16.3,16.5,1.4,.6,327,61,6.1,6.9,4,3.7,.65,.7
2009,63,6,28.2,12,19.8,69.6,8.7,30.1,1.79,16.98,0,22.4,15.7,18.7,17,16.6,16.8,1.7,.9,233,54,6.7,7.4,4.7,4.2,.62,-.6
2009,64,6,22.4,12.7,17.3,46.7,16.9,27.8,1.47,11.05,0,20,15.5,17.6,17.2,16.9,17,1.7,.9,221,55,5.1,4.8,2.9,3.4,.53,-1.9
2009,65,6,22.7,12.1,16.9,58.7,12.5,27.1,1.46,18.75,0,21,15.1,17.7,17.1,16.8,16.9,2.7,2.3,258,31,9.1,4.7,5.4,4.8,.5,-3.4
2009,66,6,20.1,5.2,13.2,65.5,15.6,34.4,1.09,22.29,0,20.8,13.2,16.8,17.1,16.7,16.9,2,1.1,250,52,9,2.4,4.9,3.9,.49,-3.3
2009,67,6,22,1.6,12.6,76,14.4,38,1.1,16.09,0,19.2,11.8,15.6,16.9,16.3,16.6,1.2,.2,128,74,4.8,2.8,3.3,2.9,.49,-3.1
2009,68,6,24.5,10.9,17.2,78.3,21.5,45.5,1.17,19.31,0,20.8,15,17.6,16.7,16.4,16.5,3.6,2.6,180,43,9.6,5.2,5.3,5.1,.85,4.4
2009,69,6,22.9,6.5,14.6,75.5,16.9,44.7,1.07,22.73,0,22,13.3,17.4,16.9,16.5,16.7,1.6,.3,139,74,5.1,3.7,4.8,3.8,.68,1.3
2009,70,6,26.5,5.8,16.4,69.2,11,35.5,1.45,22.37,0,22.6,13.4,17.8,17,16.6,16.8,1.8,.8,224,60,6.4,5.2,5.4,4.5,.58,-.9
2009,71,6,24.7,6.3,16.8,65.6,15.6,31,1.45,22.73,0,24.3,14.6,18.1,22.9,13.9,17.7,2.4,1.5,249,49,7.2,4.4,5.9,4.8,.55,-1.4
2009,72,6,23.6,6.8,15.9,68.9,18.4,40,1.21,22.69,0,24.8,13.1,17.6,26.6,12.5,17.5,1.6,.9,228,55,5.8,4,5.1,4,.67,1.3
2009,73,6,24.8,5.3,15.6,68,9.7,34.9,1.36,23.22,0,19.7,12.9,16.1,18,16.9,17.7,1.6,.9,224,54,6.4,4.4,5.4,4.3,.53,-2.5
2009,74,6,26.1,7.4,17.3,48.8,9.3,21.8,1.7,23.53,0,18.6,10.9,14.6,17.6,16.6,17,2.4,1.4,159,52,6.9,5.2,6.3,5.4,.39,-6.2
2009,75,6,27.2,5,17,66.6,8.9,27.5,1.64,23.65,0,21.4,11.4,16,16.8,16.3,16.6,1.3,.3,3,72,4.5,5.4,5.5,4.2,.46,-3.8
2009,76,6,30,6.3,18,55.7,7.9,25.9,1.83,23.95,0,23.1,12.6,17.6,17,16.6,16.8,1.3,.3,202,70,5.6,6.9,5.8,4.6,.46,-4.1
2009,77,6,31.6,5.4,19.1,64.8,7.9,25.9,1.99,23.99,0,24.3,13.9,18.8,17.5,17,17.2,1.2,.1,97,78,4.6,7.3,5.9,4.7,.48,-3.3
2009,78,6,31.6,7.4,19.8,55.9,7.4,24.5,2.11,22.89,0,24.5,14.6,19.4,18,17.5,17.7,1.2,.5,4,63,4.8,7.7,5.8,4.5,.47,-3.5
2009,79,6,32.4,11,20.8,60,8.4,25.2,2.14,19,0,24.4,16.4,20,18.3,17.9,18.1,1.1,.2,251,73,4.1,8.9,4.8,4.2,.53,-2
2009,80,6,32,9.4,22.5,57.8,11.2,22.4,2.38,23.45,0,25.4,16.2,20.6,18.6,18.2,18.4,2.7,1.5,194,54,8.3,8.2,7.4,6.6,.55,-1.5
2009,81,6,28.9,12.4,20.9,41.2,9.3,22.3,2.03,24.26,0,24.7,18.2,21.2,19.1,18.6,18.9,4.1,3.2,245,39,13.6,7.9,8.3,7.6,.52,-2.2
2009,82,6,20.5,5.8,13.9,37.4,11.9,19.6,1.34,24.99,0,22.9,15.3,19,19.2,18.6,18.9,2.5,2,262,36,8.8,2.6,6.2,5,.3,-9.4
2009,83,6,24.2,3.6,14.9,62.6,9.6,25.4,1.43,25.43,0,23.4,14,18.5,18.8,18.2,18.5,1.8,.6,296,67,6.1,3.8,5.9,4.8,.37,-6.7
2009,84,6,26.1,5,16.4,51.8,8.1,21.9,1.65,25.33,0,23.4,14.3,18.8,18.5,18.1,18.3,2,1.2,244,53,8.4,4.8,6.5,5.3,.35,-7.5
2009,85,6,27.2,7.7,18.2,40.6,6.4,17.1,1.9,25.09,0,22.5,14.9,18.8,18.5,18.1,18.3,5.6,3,290,55,16.3,5.8,9.4,8.5,.34,-8.4
2009,86,6,20.5,5.2,13.5,49.1,8.6,16.4,1.36,26.15,0,22,14.3,18,18.4,18,18.2,3,2.2,342,44,10.9,2.5,6.7,5.6,.24,-12.5
2009,87,6,25.4,1.4,14.2,70.2,7.4,26.4,1.44,26.16,0,23.5,13.1,18.1,18.2,17.7,18,1.2,.3,137,69,4.1,4.2,5.8,4.4,.35,-7.7
2009,88,6,28.1,5.6,17.8,67.4,7.6,21,1.86,22.53,0,22.9,14.7,18.6,18.2,17.8,18,3.4,2.5,203,42,10.3,5.8,7.1,6.7,.36,-7.1
2009,89,6,23.2,10,17.8,54.7,4.2,20.6,1.69,25.96,0,23.4,16.3,19.4,18.4,18.1,18.2,3.6,2.6,240,44,9.5,4.4,7.6,6.4,.39,-7.6
2009,90,6,25.2,2.1,15.1,63,5.2,18.3,1.62,27,0,24,13.9,18.7,18.5,18,18.2,1.6,.5,229,67,6.3,4.1,6.5,5,.26,-11.4
2009,91,6,25.3,8.4,17.1,37.1,10.3,19,1.7,25.79,0,23.2,14.8,18.9,18.5,18,18.3,3.3,1.9,207,51,9.5,5,7.5,6.5,.36,-7.5
2009,92,6,27.8,8.8,18.9,61,14.1,31.9,1.68,26.07,0,24,15.7,19.8,24.8,18.3,19.9,1.9,1,184,55,6.7,6.3,6.4,5.4,.63,.4
2009,93,6,26.8,11.6,19.9,57,13.1,32,1.7,26.15,0,19.4,14.4,16.8,19.6,18.3,18.8,5,4.1,226,34,13.9,6.5,8.7,7.5,.7,1.8
2009,94,6,21.7,8.7,15.8,48.9,8,22.2,1.46,27.31,0,21,12.7,16.6,18.3,17.6,17.9,3.1,2.9,268,24,10.7,3.5,7.3,6,.38,-7.6
2009,95,6,26.2,.8,15.3,64,8.2,21.6,1.61,27.98,0,22.9,11.8,17.2,17.9,17.3,17.6,1.7,.8,11,58,6.1,4.4,6.7,5.4,.32,-8.6
2009,96,6,30.4,9.1,20.1,46.8,6.8,20.3,2.11,27.37,0,23.9,14.6,19,18.1,17.6,17.8,2.9,2.5,61,27,10.4,7.7,8.3,7.2,.44,-4.4
2009,97,6,33.3,9.6,23.5,40.9,6.2,17.6,2.65,26.86,0,26.2,15.9,20.9,18.6,18.1,18.2,2.2,1.1,150,56,6.5,8.7,7.8,6.8,.45,-4.2
2009,98,6,25.2,12.2,19.3,44.7,13.8,23.3,1.76,27.26,0,24.6,17.5,20.8,19.1,18.6,18.9,4.2,3.5,249,34,11.4,6,8.4,7.3,.51,-2.6
2009,99,6,25.3,8.1,17.5,62.4,12.8,29.3,1.55,27.56,0,25.5,16.1,20.6,19.2,18.8,19,1.9,.7,209,63,6.6,5,6.5,5.4,.54,-1.8
2009,100,6,28.3,9.6,18.7,69.3,10.7,29.7,1.69,23.06,0,24,16.7,20.2,19.3,19,19.2,4.4,3.8,185,29,12.9,6.7,7.5,7.5,.59,-.7
2009,101,6,20,9.3,13.4,91.8,30.9,68.8,.56,17.79,2.03,20.7,16.2,18.2,19.3,18.7,19,2.8,1.1,251,62,9.4,2.8,3.6,3.6,1.02,7.1
2009,102,6,24.5,7.1,16.2,95.8,23.7,54.1,1.08,27.62,0,23.9,14.6,19,18.8,18.2,18.5,2.2,1,267,59,7.8,4.5,6.2,5.1,.88,4.9
2009,103,6,29.2,8.6,19.9,71.8,13.9,36.3,1.71,26.19,0,26.3,16.1,21,19.1,18.6,18.7,1.4,.2,148,74,4.8,7,6.1,5.1,.76,3.1
2009,104,6,30.6,12.4,22.3,69.2,10.2,26.9,2.17,23.8,0,25.4,18.5,21.8,19.6,19.1,19.4,4.6,4.2,191,26,11.9,8.7,8.7,8.4,.65,.4
2009,105,6,20.1,7.4,15.9,54.3,14.8,29.7,1.28,27.26,0,23,17.7,20.5,19.8,19.6,19.7,5.6,4.4,244,38,14.1,2.6,8.2,6.3,.54,-2.4
2009,106,6,20.3,2.2,12.5,65.6,12.1,28.8,1.16,27.62,0,23.3,14.2,18.7,19.7,18.9,19.2,1.8,.9,262,58,8.4,2.2,6.1,4.6,.37,-6.8
2009,107,6,24.1,5.3,15.4,69.5,8.9,29.9,1.4,28.99,0,26.5,14.8,19.8,21.4,18.7,19.6,1.9,.6,233,66,7.8,4,6.7,5.4,.46,-4.2
2009,108,6,28.5,7,18.8,57.3,11.4,24.1,1.86,29.06,0,22.3,12.1,17.4,20.2,16.6,18.3,1.5,.1,235,78,5.4,6.3,7,5.7,.48,-3.4
2009,109,6,34.4,9.4,22.8,70.4,5.7,25.8,2.54,29.28,0,22.4,14.3,18.3,19,18.6,18.8,1.7,1,19,52,8.5,8.9,8.1,6.8,.56,-1.5
2009,110,6,36.4,10.1,24.9,63.5,5.9,20.6,2.9,29.12,0,26.8,15,20.6,19.3,18.7,18.9,1.7,.9,42,54,8.2,9.5,8.3,6.9,.56,-1.2
2009,111,6,37.8,11.6,26.1,58.8,3.8,19.8,3.24,29.37,0,29.6,17.5,23.3,20.3,19.3,19.7,1.4,.3,25,70,5.7,10.2,8.1,6.6,.53,-2.3
2009,112,6,36.8,15.1,27.4,36.3,5.2,12.4,3.47,28.71,0,30.1,19.6,24.6,21.1,20.3,20.6,2.4,.9,191,64,9.1,11.6,9,8.1,.41,-5.5
2009,113,6,35.1,16.7,25.8,28,7.2,14.5,3.07,29.1,0,30.2,20.1,25,21.7,21.1,21.3,2.9,1.6,190,55,7.7,11.9,9.2,8.6,.45,-4.1
2009,114,6,33.1,13.2,24.2,44.7,6.6,19,2.64,24.68,0,28.2,20.5,24.5,21.9,21.6,21.8,2.9,1.8,213,50,8.6,9.8,8,7.7,.53,-2.2
2009,115,6,27.9,14,21.5,42.7,9.2,20.6,2.14,28.93,0,27.1,20.1,23.5,22,21.6,21.8,3.8,2.8,256,40,12.3,8.2,9.3,7.9,.5,-3.3
2009,116,6,27.9,8.1,19.1,37.2,6.6,16.6,2.05,30.24,0,28,18,22.8,21.8,21.2,21.5,1.8,.7,239,63,7,6.2,7.7,6.2,.32,-8.6
2009,117,6,28.7,11.3,20.8,30.1,7.7,16.6,2.23,21.97,0,26.1,18.4,22.3,21.6,21.1,21.4,1.8,1,172,55,5.4,7.5,5.9,5.6,.38,-6.5
2009,118,6,32.2,9.2,21.8,50.1,8,19.3,2.39,28.79,0,28.4,18.2,23.1,21.4,21,21.2,1.9,.7,215,65,7.3,8.3,7.9,6.6,.45,-4.3
2009,119,6,31.6,12.1,22.5,30.2,9,17.9,2.42,29.87,0,29.2,19.2,24,21.7,21.3,21.5,1.9,.6,212,87,6.6,9,8,6.8,.47,-3.9
2009,120,6,33.5,11.4,23.6,48,8.5,19.6,2.62,28.22,0,29.9,19.8,24.8,22.1,21.6,21.8,1.5,.4,209,70,5.3,9.2,7.5,6.3,.5,-2.7
2009,121,6,32.7,13.6,25,38.7,8.8,17,2.86,20.06,0,28,20.6,24.4,22.3,22,22.1,2,.9,206,61,5.5,9.9,6,6.2,.49,-3
2009,122,6,30.4,20.2,26,40.3,13.8,23.9,2.6,23.83,0,28.5,22.9,25.3,22.6,22.2,22.3,4.2,3.9,251,21,10.5,12.5,8.6,8.4,.8,3.5
2009,123,6,32.9,16.7,25,57,12.2,29,2.47,26.85,0,30,21.5,25.6,22.8,22.4,22.5,2.4,1.6,211,49,8.8,11.5,7.8,7.2,.85,4.4
2009,124,6,34.3,20.1,27.6,40.2,10.9,19.9,3.08,27.64,0,31.5,22.8,26.8,23.3,22.8,22.9,2.7,1.8,260,46,9.3,13.4,8.6,8,.7,1.7
2009,125,6,35.5,17.7,27,47.3,9.4,21.9,3.06,25.62,0,30.5,22.8,26.6,23.5,23.2,23.4,2.7,1.6,234,52,9.5,12.5,8.3,7.9,.7,1.8
2009,126,6,38,17.7,27.9,43.9,8.8,21.3,3.28,29.71,0,33.3,22.6,27.7,24,23.4,23.6,1.9,.6,224,66,7.6,12.9,8.5,7.6,.72,2.2
2009,127,6,39.3,16.5,29.5,43.9,7.2,18,3.74,30.03,0,34.3,23.8,28.9,24.6,24,24.2,2.3,1.1,207,59,7.4,12.4,9.3,8.5,.66,.9
2009,128,6,40.2,19.7,30.6,31.7,6.6,14.9,4.06,30.09,0,35.1,24.8,29.8,25.2,24.6,24.8,2.6,1.5,210,54,11,13.9,9.8,9.2,.61,-.1
2009,129,6,40.5,21.4,31.1,25.1,6,13.5,4.21,30.55,0,35.7,25.6,30.4,25.8,25.2,25.4,2.8,1.3,201,60,9.6,14.6,10,9.7,.56,-1.3
2009,130,6,39.3,19.6,29.8,28.1,6.3,14.9,3.88,30.49,0,35.8,25.6,30.5,26.2,25.7,25.9,2.1,.6,190,68,6.7,13.8,9.2,8.3,.57,-1.1
2009,131,6,39.2,17,29.5,40.5,6.7,16.4,3.8,30.59,0,33,25.1,28.7,27.9,26.1,27,2.3,1.2,202,57,6.1,12.8,9.4,8.7,.6,-.5
2009,132,6,38.2,19.1,29,32.1,6.1,15.4,3.67,30.75,0,28.3,20.7,24.3,27.3,25.5,26.2,2.5,1,218,62,10.4,13.5,9.6,8.8,.56,-1.4
2009,133,6,37.8,17.7,28.4,42.8,7.3,17.7,3.5,30.57,0,30.7,19.3,24.8,25.5,24.5,24.9,2.1,.9,226,62,8.4,12.8,9.1,8.1,.61,-.2
2009,134,6,38.1,17.5,29.3,42.3,7.2,16.5,3.71,30.61,0,33.3,22,27.4,25.2,24.6,24.9,2.3,1.1,237,59,7,12.8,9.5,8.5,.6,-.5
2009,135,6,38,18.7,29.6,34.2,7.2,16.7,3.73,30.29,0,34.4,23.9,29,25.8,25.2,25.4,2.2,.8,224,64,6.9,13.3,9.1,8.2,.63,.3
2009,136,6,39.2,19.1,30.1,45.7,7.6,17.2,3.83,30.2,0,35,25.1,29.9,26.3,25.8,25.9,2.2,1,234,61,7.1,13.6,9.1,8.4,.67,1.1
2009,137,6,39.9,19.5,30.6,52.2,11.8,22.2,3.72,25.34,0,34.9,25.6,30.1,26.6,26.2,26.4,2.3,1.4,192,51,10.3,13.9,8,8.1,.91,5.4
2009,138,6,41.7,19.7,32.4,58.7,6.6,21.9,4.26,27.63,0,35.5,26.2,30.8,27,26.5,26.7,1.9,.4,307,72,9.2,14.1,8.5,8,.9,5.1
2009,139,6,40,24.8,33.1,46.5,7.4,19.5,4.26,27.85,0,36.8,28.2,32.2,27.6,27,27.2,3,1,169,66,13.4,15.9,9.8,9.6,.91,5.5
2009,140,6,33.7,25.2,29.6,50.1,18.5,30,2.94,16.66,0,32.7,28.8,30.5,27.8,27.5,27.7,3.1,1.9,134,51,8.3,15.6,6,7.1,1.23,9.9
2009,141,6,30.1,20.1,25.3,88.7,22.4,48.9,1.73,11.19,0,29.4,26.6,28.1,27.6,27,27.3,3.1,1.2,133,63,9.6,12.3,3.7,5,1.52,13.1
2009,142,6,28.7,17.9,22.4,96.2,33.8,67.8,.99,15.21,3.81,28.2,24,25.8,27,26.1,26.5,1.9,.9,47,57,6,10.5,3.4,4,1.76,15.4
2009,143,6,33.3,20.2,25.9,88.6,21.2,51.7,1.84,23.06,0,32,23.7,27.1,26.1,25.5,25.8,1.7,1,87,51,5.8,13.3,5.8,5.8,1.59,13.6
2009,144,6,35.9,18.1,27.9,74.8,11.4,30.7,2.93,29.13,0,34.2,24.3,29,26.3,25.8,25.9,1.6,.4,314,69,10.6,12.8,8,7,1,6.4
2009,145,6,35.8,17.5,27.8,45.2,9,19.9,3.23,30.65,0,34.6,24.9,29.6,26.7,26.2,26.4,2.1,.6,272,69,10.5,12.5,8.9,7.9,.68,1.4
2009,146,6,36,18.4,28.1,42.1,8.3,19.6,3.31,30.67,0,35.4,25.4,30.2,27,26.6,26.8,1.8,.1,256,78,6.4,12.9,8.7,7.5,.68,1.3
2009,147,6,37.5,18.8,28.1,40,7.9,21,3.28,30.41,0,35.5,25.7,30.4,27.3,26.9,27.1,2,.2,321,76,8.6,13.3,9,8,.72,2.2
2009,148,6,38.4,16.4,28.5,63.8,8.1,25.5,3.32,30.17,0,35.9,25.8,30.7,27.5,27.1,27.3,1.6,.4,354,70,8.9,12.3,8.6,7.4,.84,4.2
2009,149,6,38,18.7,29.8,50.1,7.6,18.2,3.72,30.11,0,35.4,26.7,30.7,30.6,27.5,29.1,1.9,.9,251,60,7.6,13.3,8.8,7.8,.68,1.2
2009,150,6,37.4,18.4,28.8,49.2,3.7,14.3,3.69,30.95,0,28.8,22.5,25.5,30.2,28,28.9,2.3,1.4,222,50,8.7,13.1,9.7,8.5,.48,-3.9
2009,151,6,36.9,16.7,27.8,46.2,4.8,14.8,3.47,30.78,0,31.2,20.2,25.4,28,26.6,27.1,1.8,.9,204,56,7.3,12.2,9,7.6,.48,-3.6
2009,152,6,37.2,18.9,29.3,29.9,6.2,14.8,3.72,30.38,0,34,22.7,28.2,27,26.5,26.8,2.2,1.5,177,45,5.8,13.3,9.3,8.3,.56,-1.4
2009,153,6,38.4,19.1,30.1,40.2,6.6,15.8,3.88,30.29,0,35.3,24.9,30,27.5,27,27.2,2.2,.9,203,61,7.3,13.5,9.3,8.3,.61,-.3
2009,154,6,40.6,18.7,30.5,36.2,3.3,13.4,4.22,30.88,0,35.9,25.4,30.6,27.9,27.4,27.6,1.4,.1,66,78,5.2,13.6,8.9,7.3,.49,-3.4
2009,155,6,40.1,17.1,30.2,37.5,4.9,15.1,4.01,24.25,0,34.5,26,30.2,28.1,27.7,28,2.3,1.7,192,42,8.7,12.8,8.2,8.2,.57,-1.1
2009,156,6,35.1,20.9,28.8,35,7.4,16.9,3.38,29.15,0,34.3,27.4,30.5,28.2,27.9,28,3.6,2.4,240,48,9.7,13.9,10.2,9.7,.65,.4
2009,157,6,32.2,15.1,24.6,52,11.5,23.6,2.58,28.96,0,33.5,25.2,29.3,28.2,27.7,28,2.7,1.8,252,47,8.8,10.5,8.7,7.8,.67,1
2009,158,6,33,14.7,25.1,46.8,11.1,23.8,2.67,30.95,0,34.1,24.4,29.2,28,27.4,27.7,1.8,.7,221,63,5.9,10.5,8.3,7.1,.68,1.4
2009,159,6,33.1,17.9,26.5,49.7,10.6,22.2,2.85,24.25,0,33,25.9,29.4,27.9,27.5,27.7,2.2,1,216,61,7.1,12.1,7.2,7,.72,2
2009,160,6,34.4,19.9,28.1,38.8,12,18.2,3.22,21.03,0,31.6,25.8,28.8,27.8,27.4,27.6,3.4,3,190,28,10.7,13.3,7.7,8.4,.68,1.3
2009,161,6,33.8,17.5,26.6,62.4,12.1,29.1,2.69,29.85,0,31.9,24.4,28,28.5,27.4,27.9,2.6,1.1,215,63,8.5,12.1,8.9,8,.92,5.4
2009,162,6,33.3,17.5,26.1,42.9,8.5,22.1,2.8,27.89,0,25.8,20.7,23.5,28,26.4,27.1,2.8,2.5,182,28,7.6,12,8.6,8.1,.7,1.6
2009,163,6,35.2,16.4,26.2,42.9,5.2,20.4,2.96,31.54,0,29.7,19,24.1,26.4,25.4,25.8,3.3,2.9,180,27,8,11.9,10,9.4,.62,-.2
2009,164,6,36.2,16.8,27.3,39.2,7.6,19.4,3.16,30.8,0,32.7,21.8,27.1,26.1,25.5,25.7,2.5,1.3,222,57,8.2,12.2,9.3,8.5,.65,.6
2009,165,6,34.3,16.1,27,48.5,12.6,23.4,2.93,28.89,0,33.3,23.6,28.5,26.6,26,26.2,2.3,1.1,222,57,7.3,11.5,8.4,7.6,.78,3.4
2009,166,6,35.2,16.9,27,58.1,6,24.4,2.97,31,0,33.9,24.2,29,26.9,26.5,26.6,2.6,2.2,178,32,7.4,12.1,9.4,8.4,.77,2.9
2009,167,6,35.5,18.9,27.2,44.3,10.7,20.9,3.04,28.89,0,34.5,24.9,29.4,27.2,26.8,26.9,2.1,.8,188,65,10.5,13.1,8.5,7.7,.71,2.1
2009,168,6,35.2,21.6,28.3,43.4,14.9,25,3.03,27.27,0,34.7,26.3,30.1,27.5,27.1,27.2,2.3,1.1,186,57,6.4,14.2,8.1,7.7,.93,5.9
2009,169,6,36.4,19.5,28.8,52.9,8.4,25.1,3.22,30.6,0,35.5,26.3,30.8,27.8,27.4,27.6,1.8,1.2,184,49,8.4,13.4,8.7,7.6,.9,5.1
2009,170,6,32.3,20.1,26.1,68.7,18.7,34.6,2.33,11.45,0,30.2,26.4,28.3,28,27.5,27.8,2.8,2.2,163,38,10.9,13,4,5.8,1.14,8.6
2009,171,6,36,18.3,27.8,78,17.1,38,2.63,28.09,0,34,25,29.3,27.5,27,27.2,2.5,2,182,36,7.7,12.8,8.2,7.8,1.28,10.4
2009,172,6,38.7,19.7,30.5,53.3,7.8,20.5,3.76,31.18,0,35.4,26,30.6,27.8,27.3,27.5,2.3,1.2,215,57,7.8,13.8,9.5,8.7,.8,3.5
2009,173,6,40,17.9,30.8,51,8.1,19,3.95,31.18,0,34.4,26.6,30.1,30.2,27.8,28.6,2,.5,158,70,5.9,13.2,9.3,8.4,.77,3
2009,174,6,39.8,24,31.8,53.3,7.5,18.4,4.07,22.82,0,29.1,23.7,26.2,29.1,27.5,28.2,1.8,.7,250,64,6.2,15.6,7.3,7.3,.81,3.7
2009,175,6,41.5,23.1,33.6,40.3,8.4,18.1,4.53,29.48,0,33.2,22.7,27.7,27.5,26.8,27.1,2.4,1,238,61,7.8,15.4,9.8,9.2,.89,5
2009,176,6,35.9,24.5,30.7,48.2,13.8,26.6,3.36,13.16,0,30.9,26.7,28.7,27.5,27.1,27.4,2.2,.9,240,62,6.8,15.5,4.7,6,1.14,8.7
2009,177,6,40.1,21.8,31.2,61,14.7,33.9,3.38,25.71,0,35.9,25.5,30.3,27.7,27.2,27.4,1.4,.5,184,66,5.6,14.8,7.2,6.8,1.42,12.1
2009,178,6,42,24.1,34.4,61,9.8,26.4,4.31,29.82,0,37.8,28.2,32.7,28.6,27.7,28.1,2.1,.9,232,60,7.2,15.7,9.3,8.6,1.31,10.7
2009,179,6,42.6,24,35,66.9,9.3,27.3,4.42,27.54,0,38.3,29.6,33.8,29.3,28.6,28.9,2.2,1.6,197,41,6.8,15.7,8.8,8.5,1.39,11.5
2009,180,6,41.8,26.9,34.7,47.4,14,28.5,4.19,29.16,0,38.5,30.2,34.3,29.9,29.3,29.5,3.1,1.1,176,65,10.6,16.6,9.8,10,1.49,12.8
2009,181,6,40.5,28.1,34.4,55.8,17.9,33.2,3.85,28.94,0,38.4,31,34.5,30.3,29.9,30,3.5,2.3,223,48,9.1,16.9,9.8,10.1,1.72,14.9
2009,182,6,39.1,27.8,32.5,62.1,19,36.9,3.22,19.22,0,36.5,31.3,33.5,30.5,30.1,30.3,2.6,1.4,166,55,10.4,16.8,6.1,7.4,1.75,15.3
2009,183,6,38.4,24.5,31.5,82.9,24.4,47.5,2.64,20.04,0,37.4,30.5,33.4,30.4,30,30.2,2.2,1,148,60,10,15.7,5.8,6.5,2.08,18
2009,184,6,41,23.6,31.9,89.8,19.2,48.1,2.83,28.16,25.15,39,30.2,33.8,30.6,30.1,30.3,2.8,1.6,157,53,11.6,15.5,8.2,8.8,2.09,18
2009,185,6,38.6,22.6,29.9,92.7,26.5,60.8,1.95,28.81,.25,33.4,27.4,30.5,30.7,29.8,30.2,1.7,1.2,159,45,10,15,7.2,7.2,2.41,20.4
2009,186,6,41.7,25.5,34.7,73.1,9.7,28.5,4.28,29.2,0,35.6,26.8,30.9,29.9,29.2,29.5,2.4,1.9,253,37,7.6,16.2,9.4,9,1.41,11.4
2009,187,6,41.5,25,34.8,51.4,14,25.5,4.38,28.99,0,37.7,27.8,32.6,29.9,29.4,29.6,3.1,2,255,49,8.1,16,10,9.8,1.35,11.3
2009,188,6,40.8,24.7,34,75.2,19.6,39.3,3.52,27.11,0,39.3,29.8,34.4,30.5,29.9,30.1,2,1.2,226,51,7.5,15.9,8,7.9,1.95,16.9
2009,189,6,41.3,27.2,34.3,55.8,13.5,25.5,4.23,28.62,0,39.7,30.7,35.1,31,30.5,30.7,2.2,1.4,167,51,10.2,16.7,8.9,8.7,1.32,10.8
2009,190,6,41.5,26.4,33.9,54.5,7.9,19.4,4.51,29.56,0,34.9,29.2,32.2,31.5,30.8,31.1,1.7,.9,159,56,4.8,16.4,8.9,8,.95,5.7
2009,191,6,43.4,26.7,34.6,44.8,8.4,19.8,4.71,26.88,0,35.1,25.6,30.1,30.8,29.6,30.1,1.8,.4,215,72,7,16.6,8.5,8,1.01,7
2009,192,6,43,26,35.3,39.2,8.8,20.2,4.88,28.51,0,37.8,27.6,32.5,30.1,29.6,29.8,1.9,.9,188,60,6.5,16.3,9.1,8.4,1.06,7.7
2009,193,6,43.7,27.8,36.5,38.8,10.6,20.6,5.08,27.2,0,38.8,29.9,34.2,30.6,30.1,30.3,2.9,1.8,223,48,11.8,16.9,9.8,9.9,1.19,9.5
2009,194,6,43.7,24.3,35.7,61.3,11.3,26.9,4.66,28.14,0,39.7,30.8,35.2,31.2,30.6,30.8,2.5,1.3,213,57,12.6,15.9,9.3,9.3,1.43,12.1
2009,195,6,44.1,25.8,36.4,58.8,9.4,24.5,4.98,28.89,0,40.1,31.5,35.7,31.6,31.1,31.3,2.4,1.2,233,57,7.8,16.4,9.7,9.4,1.32,10.7
2009,196,6,40.7,24.9,35.1,77.5,17.8,29.9,4.18,22.65,7.11,38.3,32.3,35.5,31.8,31.5,31.6,2.5,.4,101,74,16,15.9,7.4,7.9,1.61,14
2009,197,6,42.6,24.8,33.7,87.2,14,42.3,3.53,24.02,0,36.5,29.3,32.6,31.9,31.1,31.5,2.1,.8,285,64,9.6,16,7.4,7.7,1.95,16.6
2009,198,6,44.2,30.1,36.5,44.8,11.6,25,4.77,27.49,0,40,30.3,34.7,31.4,30.9,31.1,3.1,1.6,138,56,18.2,17.2,9.7,10.4,1.46,12.5
2009,199,6,44.6,27.3,34.9,60.9,10.8,30,4.22,28.37,1.52,41,31.5,35.6,31.8,31.4,31.5,2,.4,128,72,22.2,16.8,8.9,8.7,1.57,13.5
2009,200,6,44.7,25.3,35,74.8,10.6,33.2,4.27,28.16,0,40.5,31,35.5,32,31.5,31.8,2,.9,214,60,13.9,16.2,8.8,8.7,1.63,13.8
2009,201,6,43.3,26,34.6,74.4,12.8,33.5,4.1,28.28,0,40.4,32.1,36.2,32.2,31.8,32,3,.8,266,69,13.4,16.4,9.6,9.8,1.65,14.2
2009,202,6,39.7,24.6,31.8,79.6,21,47.1,2.84,24.02,1.78,39.1,31.5,35,32.4,31.9,32.1,2.6,.6,349,71,14.2,15.8,7.2,7.7,2.04,17.6
2009,203,6,40,24.3,32.2,86.1,19.9,45.5,2.96,26.91,7.37,36.5,29.4,32.9,32.2,31.5,31.8,2.2,.7,246,67,13.3,15.7,7.9,7.8,2.02,17.5
2009,204,6,39,26,33.1,67.1,23,40.8,3.2,25.07,0,38.1,29.3,33.7,31.6,31.2,31.4,2.3,1.1,123,72,7.6,16.3,7.8,7.6,1.96,17.1
2009,205,6,39.1,26.1,32.5,68.6,24.4,42.8,2.98,23.13,0,38.7,30.9,34.4,31.6,31.3,31.5,1.7,1.1,350,49,8.6,16.3,6.5,6.6,2.01,17.5
2009,206,6,40.5,28.9,34,57.3,21.2,39.8,3.35,24.5,0,40.7,31.9,35.7,32.1,31.6,31.7,2.3,1.4,196,51,10.6,17.1,7.6,7.8,2.04,17.8
2009,207,6,42.5,25.9,34.8,73.1,16.4,37.9,3.88,28.47,0,41,31.8,36.2,32.4,31.9,32.1,1.9,.8,244,61,6.9,16.4,8.6,8.1,1.89,16.3
2009,208,6,44.8,27.9,37.7,46.6,12.6,22.8,5.36,28.79,0,41.7,32.7,37,32.8,32.3,32.5,2.3,1.7,236,39,7.6,17,9.7,9.1,1.37,11.4
2009,209,6,45.2,29.3,37.6,35.2,7.9,19,5.55,28.99,0,41.8,33.3,37.4,33.2,32.8,33,3.2,2.2,227,45,8.3,17.2,10.8,10.8,1.15,8.7
2009,210,6,42.4,26.4,34.7,46.2,11,25.1,4.39,28.64,0,39.2,29,34.2,34.5,33,33.6,3.2,2.1,206,47,9.8,16.4,10.1,10.1,1.32,10.8
2009,211,6,41.2,25.3,33.3,42.8,12.2,27,3.96,28.93,0,33,26.1,29.3,33.8,31.8,32.6,2.2,.8,180,65,6.1,16.1,9,8.6,1.32,10.9
2009,212,6,42,23.2,34.1,46.3,10.9,20.1,4.55,28.99,0,36.6,25.3,30.5,31.8,30.7,31.1,1.9,.6,195,66,6.5,15.4,9,8.1,1,6.9
2009,213,6,42.7,24.2,34.1,38.8,7.7,18.1,4.71,29.17,0,38.6,27.9,33,31.3,30.8,31,2.1,.7,232,66,6.3,15.8,9.3,8.5,.88,4.9
2009,214,6,43.4,24.8,35.1,40.3,8.8,18,4.98,28.65,0,39.5,29.5,34.3,31.7,31.2,31.4,2.2,.7,260,68,7.2,16,9.5,8.8,.94,5.9
2009,215,6,44,26.3,36.2,34.4,8.4,18.2,5.26,27.54,0,39.9,30.8,35.2,32.1,31.7,31.8,2.2,1.1,255,56,7.8,16.5,9.3,8.7,1,6.7
2009,216,6,43.5,27.8,35.8,51.7,11.3,26.7,4.62,27.42,0,40.4,31.8,35.8,32.5,32,32.2,2.3,.8,220,67,10.2,16.8,9,8.8,1.45,12.3
2009,217,6,43.7,30.2,37.3,42.2,12.2,23.4,5.1,27.06,0,41.3,33.1,36.9,32.9,32.5,32.6,2.4,1.4,201,51,10.6,17.2,9.2,8.9,1.41,12
2009,218,6,42.2,26.8,35.4,40.9,10,20.8,4.76,26.93,0,40.4,33.4,36.6,33.2,32.9,33,2.8,1.8,248,48,9.9,16.6,9.7,9.3,1.12,8.1
2009,219,6,38,23.3,31.1,28.6,6.2,12.6,4.09,29.41,0,38.2,30.8,34.4,33.3,32.6,33,2.9,2,266,44,10.6,15.2,10.3,9.2,.53,-2.2
2009,220,6,38.3,18.4,29.2,37.8,6.2,15.1,3.73,29.22,0,38.2,28.5,33.2,32.8,31.9,32.3,1.6,.1,215,77,5.5,13.2,8.5,7.2,.57,-1.1
2009,221,6,39.8,21.8,30.8,37.1,7.6,18.5,3.91,28.98,0,38.4,28.9,33.4,32.3,31.7,32,1.9,.8,186,61,6.1,14.8,8.8,7.8,.75,2.6
2009,222,6,40.3,20.5,31.8,52.4,8.5,21.1,4.04,28.42,0,38.8,29.4,33.9,32.1,31.6,31.9,1.7,.4,192,70,9.2,14.3,8.5,7.4,.91,5.4
2009,223,6,39.7,25.1,32.3,57.6,13.3,34.4,3.36,17.51,0,36.3,31,33.6,32.2,31.8,32,2,1.1,184,54,5.6,16,5.4,6.3,1.58,13.6
2009,224,6,42,27.9,34.4,53.7,14.5,29.5,4.09,22.25,0,38.4,30.9,34.1,32,31.6,31.9,3,2.1,226,45,12.2,16.9,8.2,8.9,1.51,12.9
2009,225,6,34.8,22.5,27.8,91,26.3,64.2,1.54,20.02,4.32,35.2,29,31.8,32.1,31.5,31.8,2.4,1,32,62,10,14.5,5,5.7,2.28,19.4
2009,226,6,40.2,22.1,31.2,89.1,13.6,45.3,2.95,26.49,0,38.2,28,32.8,31.5,31,31.2,1.4,.4,213,69,5.8,14.9,7.3,6.6,1.82,15.5
2009,227,6,41.1,23.4,32.3,57.5,10.4,24.8,3.96,27.73,0,38.7,29,33.6,31.6,31.2,31.4,1.9,1,193,56,7.7,15.4,8.7,7.8,1.1,8.2
2009,228,6,40.4,23.4,31.8,44.9,8.4,20.8,4.05,28.28,0,38.7,29.2,33.7,31.8,31.3,31.6,1.6,.5,170,67,5.6,15.5,8.4,7.2,.88,5
2009,229,6,42.1,19.9,31.8,51.3,6.8,20.8,4.16,28.11,0,38.8,29,33.7,31.9,31.4,31.6,1.5,.5,226,66,5.4,14.1,8.4,7.1,.86,4.6
2009,230,6,42.4,21.6,33,44.2,8.1,16.9,4.52,27.53,0,39,29.2,34,31.9,31.5,31.7,1.8,.6,237,66,6.4,14.8,8.6,7.6,.78,3.4
2009,231,6,40.4,24.4,33.4,48.7,13.3,25.8,4.02,26.81,0,39.2,30.5,34.6,32.1,31.7,31.9,2.1,.7,263,66,7,15.7,8.4,7.8,1.27,10.4
2009,232,6,42.1,26.3,35.1,49.7,11.1,25.4,4.47,26.35,0,39.4,31.5,35.2,32.4,32,32.2,2.9,2,248,43,8.3,16.5,9.2,9.1,1.33,11
2009,233,6,40.5,22.9,33,88.2,16.6,36.1,3.55,24.6,2.54,37.4,29,33.4,33.8,32.4,32.8,3,1.6,234,56,14.7,15.3,8.2,8.5,1.64,14.2
2009,234,6,33.5,22.6,27.5,96.6,40.5,70.1,1.24,23.3,3.56,33.2,27.5,29.9,33,31.5,32.1,1.7,.8,218,60,7,14.4,5.5,5.4,2.49,21
2009,235,6,37.6,23.6,30.6,92.6,23.4,54.8,2.33,25.91,0,33.2,27.1,29.9,31.5,30.8,31.1,1.4,.7,260,59,7.6,15.3,6.9,6.2,2.19,18.6
2009,236,6,38.7,24.1,31.5,70.9,17.7,39.8,3.04,25.34,0,36,26.2,30.8,30.9,30.3,30.6,2,1.2,181,50,6.1,15.5,7.4,7,1.71,14.9
2009,237,6,38.9,24.5,31.6,63.5,17.1,36.2,3.18,25.98,0,37.5,28.3,32.6,31,30.6,30.8,1.9,.3,208,74,5.8,15.7,7.6,7,1.59,13.7
2009,238,6,40.8,21.6,31.3,71.9,9.8,34,3.48,26.53,0,33.8,27.9,30.9,31.3,30.9,31.1,1.2,.4,275,68,5,14.8,7.4,6.3,1.35,11
2009,239,6,43.3,22.2,32.9,55.4,8.3,23.8,4.29,26.28,0,31.6,24.8,28.3,31,29.9,30.4,1.7,.9,240,57,6.5,15.2,8.2,7.4,1.04,7.3
2009,240,6,44,23.1,33.3,44.8,8.2,23.4,4.36,26.14,0,34.9,25,29.6,30.8,29.4,30.1,1.3,.2,196,75,6.3,15.5,7.8,6.7,1.07,7.9
2009,241,6,43,25.5,35,59.6,8,24,4.61,25.74,0,31.2,25.5,28.1,30.1,29.4,29.7,2.2,1.3,159,51,6.7,16.3,8.5,8,1.2,9.2
2009,242,6,42.8,26.1,34,42.7,8,24.1,4.35,25.26,0,34.9,24.7,29.5,29.5,29,29.3,2.2,.8,176,64,7.2,16.5,8.2,8,1.18,9.2
2009,243,6,41.5,23.1,32.9,58.8,11.9,29.1,3.84,22.58,.51,36.6,27.4,31.5,30.1,29.5,29.7,2,.2,64,78,11.2,15.3,7.2,7.1,1.35,11.3
2009,244,6,39.4,22.1,31.7,76.9,15.3,36.2,3.27,23.76,0,36.4,27.7,31.7,30.4,30,30.2,2.5,.4,276,74,8.8,14.9,7.4,7.5,1.55,13.4
2009,245,6,39.5,26.1,33,66.6,14.1,35.1,3.47,24.92,0,34.3,28.5,31.5,31.5,30.3,30.8,1.9,1,178,55,6.9,16.3,7.5,7,1.66,14.4
2009,246,6,40,21.2,32.9,89.3,19.3,37.5,3.38,23.37,9.91,31.8,26.6,29.1,30.8,29.9,30.3,3.3,1.6,208,58,24.7,14.6,7.9,8.2,1.76,15.4
2009,247,6,38.3,22.5,30,94.1,21.6,55.5,2.24,23.92,0,31.8,26,28.6,30,29.5,29.7,1.8,.7,180,64,5.9,14.9,6.4,6.2,2.14,18.4
2009,248,6,28.5,22.1,25.6,90.2,52.1,69.9,1.02,8.07,0,27.5,25.3,26.3,29.6,28.8,29.3,2.5,1.1,124,61,8.1,12.5,2,3,2.28,19.5
2009,249,6,36,21.6,28.3,93.3,22.4,57.5,1.95,22.4,0,33.4,24.6,28.3,28.9,28.3,28.5,1.2,.8,146,48,7.6,14.3,5.6,5.2,2.04,17.6
2009,250,6,37.4,22,29.6,82.7,22.4,48.7,2.36,23.52,0,35.5,26.3,30.5,29.3,28.7,28.9,1.5,1.1,171,44,7.2,14.6,6.3,5.8,1.9,16.6
2009,251,6,36.4,24.5,30.5,65.4,26.8,43.6,2.63,20.23,0,34.6,27.6,31.1,29.8,29.3,29.5,2.3,1.7,161,41,6.8,15.5,6.1,6.2,1.83,16.1
2009,252,6,38,21.5,30,74.1,17.8,41.4,2.77,23.86,0,36.3,27.5,31.6,30,29.6,29.8,1.2,.7,2,52,5.4,14.5,6.5,5.5,1.62,14
2009,253,6,39.4,21.4,30.5,69.2,14,37,3.09,24.05,0,36.5,27.8,31.9,30.3,29.9,30.1,1.2,.7,352,53,4.7,14.6,6.7,5.8,1.47,12.6
2009,254,6,40.3,20.8,31.1,74.2,11.9,34.9,3.32,23.19,0,36.1,28.2,31.1,30.9,30.1,30.5,1.3,.6,4,60,6.3,14.4,6.7,5.8,1.42,12
2009,255,6,39,25,30.8,52.2,12.4,32.5,3.16,18.6,0,29.9,25.5,27.5,30.8,29.6,30.2,2,.7,117,66,6.2,15.9,5.9,6.3,1.37,11.5
2009,256,6,37.5,23.6,30.8,64,17.5,37,2.96,22.85,0,31.9,24.3,27.7,29.6,28.8,29.1,2.6,2.2,162,32,8.1,15.3,7.3,7.1,1.57,13.7
2009,257,6,38.5,21.1,30.2,61.5,12.2,31.7,3.19,23.39,0,33.5,25.1,29.1,29.1,28.7,28.9,2.5,1.8,194,44,9.2,14.4,7.7,7.3,1.27,10.2
2009,258,6,37.4,17.7,28.1,65.1,11.1,29.6,2.94,23.62,0,33.8,25.1,29.3,29.2,28.8,29,2,1.1,193,54,8.4,12.8,7.1,6.4,1.05,7.5
2009,259,6,35.8,19.4,27.1,54.2,12.6,29.5,2.78,23.66,0,33.8,25,28.5,29.4,28.7,29.1,1.6,.6,192,65,6.2,13.3,6.7,5.8,.97,6.4
2009,260,6,36.6,16,27,67.7,11.7,31.9,2.78,23.14,0,29.4,22.5,25.9,29.3,28.2,28.7,1.2,.3,65,70,5.2,11.9,6.2,5.1,1.02,7.2
2009,261,6,36.2,21.1,28.4,56.8,17.8,36.8,2.6,22.65,0,30.2,22.2,25.8,28.3,27.5,27.9,2.1,1.7,70,35,7.3,14.1,6.5,6.2,1.38,11.7
2009,262,6,38.2,19,28.2,68.2,13,35.2,2.79,22.48,0,32.8,23.3,27.7,27.9,27.4,27.6,1.3,.3,98,72,9.7,13.4,6.2,5.4,1.23,9.9
2009,263,6,37.9,18.1,28.2,73.8,13.7,37.4,2.77,22.22,0,33.8,24.5,28.9,28.2,27.8,28,1.1,.2,344,75,5.6,13,6,5,1.29,10.6
2009,264,6,39.2,22.4,30.3,53.8,11.6,29.3,3.37,22.23,0,34.1,25.6,29.6,28.6,28.2,28.3,1.9,.9,228,59,6.3,14.9,6.9,6.3,1.15,8.7
2009,265,6,35.5,17.5,27.9,53.4,5.5,17.5,3.3,23.11,0,32.9,25.7,29,28.8,28.4,28.6,2,1.5,4,43,6.6,12.4,7.3,6.2,.6,-.8
2009,266,6,33.3,17.1,25.8,47,9,17.4,2.89,22.81,0,30.8,23.5,26.7,28.7,28,28.4,2.7,2.4,24,29,7.8,11.8,7.6,6.9,.55,-1.7
2009,267,6,35.5,13.5,25.1,59.6,9.9,25.6,2.7,22.65,0,26.9,20.3,23.5,28.1,26.9,27.5,1.2,.6,5,57,5.6,10.5,6.1,4.8,.72,2.3
2009,268,6,37.8,14.2,26.3,68.3,9.2,27.9,2.91,22.47,0,27.3,19.7,23.4,26.9,26,26.4,1.1,.4,359,66,5.2,11.2,6.2,4.8,.82,4.1
2009,269,6,39.6,15.7,27.4,59.1,4.9,25.5,3.22,22.55,0,30.4,20.4,25,26.2,25.8,26,1,.2,224,72,3.7,12.2,6.1,4.7,.78,3.2
2009,270,6,40.6,14.6,26.8,63.2,5.7,26.2,3.14,21.88,0,31.4,21.7,26.2,26.5,26.1,26.2,.9,.2,205,73,3.5,11.8,5.8,4.5,.77,3.2
2009,271,6,40.4,15.1,28.2,51.3,6,19.5,3.51,21.44,0,31.8,22.4,26.9,26.7,26.3,26.5,1.2,.2,168,74,3.7,12.1,6.1,5.1,.66,.9
2009,272,6,38.9,18.6,28.7,39.6,7.4,19.8,3.45,21.32,0,31,23.8,26.8,27.2,26.6,26.9,1.9,.6,237,66,6.9,13.3,6.8,6.1,.71,2
2009,273,6,35.4,19.8,27.9,45.2,9.7,24,2.97,20.38,0,26.3,20.6,23.7,27.2,26.3,26.7,3,1.9,246,50,9.9,13.4,7.4,7.1,.91,4.2
2009,274,6,31.6,10.8,21.5,52.7,4.4,18.9,2.31,22.39,0,26.1,17.5,21.4,26.3,25,25.5,1.3,.3,338,70,4.4,8.4,5.9,4.5,.42,-5.1
2009,275,6,31.9,7.7,22,64.1,6,18.7,2.45,20.93,0,27,17.6,22.2,25.1,24.5,24.8,1.3,.3,200,69,4.8,7.8,5.6,4.3,.42,-5.1
2009,276,6,30.1,19,24.8,67.4,12.8,39.4,1.97,20.51,0,29.1,21.9,25.1,25.2,24.7,24.9,3,2.8,159,24,7.8,11.8,6.1,5.8,1.21,9.3
2009,277,6,31.7,18.4,24.6,87.1,15.8,47.9,1.79,18.25,0,27.9,22.7,25,25.4,25.2,25.3,3.9,3.5,179,27,11.5,12,6.1,6.2,1.38,10.9
2009,278,6,26.5,14.1,20.5,50.7,13.5,27,1.83,19.55,0,26.9,21,23.7,25.5,25,25.2,2.4,1.8,250,41,9.1,7.5,5.7,5,.63,0
2009,279,6,29.5,9.4,19.7,70,12,28.7,1.88,20.4,0,27.3,19.4,23,25.1,24.5,24.8,1.4,.5,237,63,7.3,7.3,5.3,4.2,.58,-1
2009,280,6,26.7,14.2,20.8,57.9,23,37.4,1.58,15.4,0,26.6,21.3,23.4,24.8,24.5,24.6,1.8,.7,259,64,7.8,7.7,4.2,3.9,.93,5.4
2009,281,6,27.4,12.7,19.1,67.3,10.7,37.2,1.58,20.38,0,26.5,19.5,22.7,24.7,24.1,24.4,2,1.1,199,54,7.8,7.3,5.2,4.5,.74,1.9
2009,282,6,29.3,8.9,19.4,58.7,11.2,27.7,1.81,20.23,0,26.7,18.7,22.4,24.4,23.9,24.1,1.4,.5,147,65,4.9,7,5,4,.58,-.8
2009,283,6,30.2,11.3,20,60.7,9.7,30.2,1.87,16.68,0,26.2,19.4,22.6,24.1,23.8,24,.9,.1,313,77,3.4,8.1,4,3.2,.63,.3
2009,284,6,30.5,12.9,22.6,53.4,16.4,30.4,2.06,19.31,0,26.6,19.5,22.8,24,23.6,23.8,2.4,1.6,195,47,9.6,8.9,5.9,5.2,.83,3.8
2009,285,6,30.6,14.7,23.4,79.7,24.1,48,1.67,17.61,0,27.5,20.8,24,24.1,23.8,24,2.6,1.4,208,55,8.2,9.8,5,4.7,1.3,10.7
2009,286,6,28.5,13.7,21.4,77.7,22.3,45.2,1.52,19.07,0,27.9,21.2,24.4,24.4,24.1,24.2,1.6,.8,191,57,8.2,8.4,4.6,3.9,1.1,8.3
2009,287,6,30.2,12.9,21.5,68.9,15.9,42.4,1.68,18.99,0,27.8,20.5,23.9,24.5,24.1,24.3,1.4,.3,172,72,4.6,8.8,4.7,3.9,1.01,7.1
2009,288,6,32.4,14.1,22.8,64.3,19.2,40,1.91,18.82,0,28.2,20.8,24.2,24.5,24.1,24.3,1.2,.3,224,71,4.7,10.1,4.7,3.8,1.02,7.3
2009,289,6,36.7,11.9,23.6,74.5,11.4,38.2,2.22,18.89,0,28.5,20.7,24.4,24.5,24.2,24.4,.9,.2,269,72,4.5,10.2,4.7,3.7,.96,6.3
2009,290,6,38.7,14.7,26.5,66.1,11.3,30.7,2.88,18.31,0,29.3,21.3,25.1,24.7,24.4,24.5,1,.3,46,68,4.4,11.6,5,3.9,.93,5.9
2009,291,6,37.2,16.9,27.2,58.7,12.9,27.8,2.91,18.03,0,29.7,22.5,25.9,25.1,24.7,24.9,1.6,.8,197,57,7.8,12.4,5.5,4.8,.92,5.7
2009,292,6,34.5,19,26.5,55.2,14.5,30.9,2.57,18.23,0,28.3,21.8,24.9,25.2,25,25.1,2.1,1.5,193,43,6.5,12.9,5.7,5.2,1.01,7
2009,293,6,26.5,14.5,20.7,60.5,14.2,32,1.73,17.29,0,21.8,17.6,19.9,25.1,23.9,24.5,3.2,2.5,254,37,9.4,7.8,5.6,5.2,.76,2.7
2009,294,6,28.6,10.9,19.6,66.3,16.8,35.2,1.63,18.23,0,22,15.8,18.5,23.9,22.7,23.1,1.2,.4,309,68,4.3,7.2,4.4,3.4,.75,2.9
2009,294,6,28.6,10.9,19.6,66.3,16.8,35.2,1.63,18.23,0,22,15.8,18.5,23.9,22.7,23.1,1.2,.4,309,68,4.3,7.2,4.4,3.4,.75,2.9
2009,295,6,29.4,8,19.3,75.6,12.7,33.5,1.73,18.26,0,23,15.4,19,22.7,22.1,22.4,1.1,.4,230,65,5.8,6.9,4.5,3.3,.67,1.1
2009,296,6,30.7,9.2,19.9,60.8,11.1,28.9,1.9,18.24,0,24.4,16,19.8,22.3,21.9,22.1,1.3,.5,180,61,4.9,7.7,4.6,3.6,.6,-.3
2009,297,6,31.2,9,20.4,55.7,9.9,25.4,2.04,17.93,0,24.8,16.5,20.3,22.3,21.9,22.1,1.5,.9,205,54,5.4,7.9,4.8,4,.54,-1.7
2009,298,6,31.4,12.3,20.9,46,11.1,23.9,2.07,17.47,0,25.3,17.6,21,22.3,22,22.2,1.5,.3,249,72,5.3,8.9,4.8,3.9,.55,-1.5
2009,299,6,28.2,8.6,18.8,44.4,5.2,16.9,1.99,18.19,0,24,16.4,19.9,22.4,21.9,22.1,1.6,.6,10,64,5.5,6.5,5,3.8,.32,-8.8
2009,300,6,30.5,5.5,19.2,49.2,6,19.3,2.07,14.42,0,22.2,15.6,19.1,22.1,21.5,21.8,4.1,2.6,239,49,13.3,7,6.1,7,.39,-6.5
2009,301,6,16.3,4.8,12.6,40.1,10.2,19.8,1.21,17.77,0,20.6,15.7,18.4,21.6,21.3,21.5,4.1,3.7,278,25,10.2,.9,5.5,4.4,.28,-10.6
2009,302,6,17.7,0,9.2,64.2,13.9,31.3,.9,17.21,0,19.3,12.6,15.7,21.3,20.2,20.7,1.7,.8,246,58,6.4,1.1,3.7,2.8,.34,-8
2009,303,6,19.3,.9,10.6,62.3,11.7,28.2,1.02,15.85,0,19,12,15.3,20.2,19.4,19.8,1,.3,330,70,3.8,1.8,3.1,2.3,.33,-8.3
2009,304,6,27.8,2.5,14.7,72.7,13.3,32.1,1.4,17.03,0,20.7,12.4,16.1,19.6,19.1,19.3,1.2,.5,344,61,5.2,5.2,4,3.1,.49,-3.3
2009,305,6,30.3,6,17.4,56.7,10.7,30.2,1.7,16.97,0,22.1,13.7,17.5,19.5,19.2,19.3,.9,.3,153,69,3.7,6.9,4,2.8,.52,-2.3
2009,306,6,31.4,5.4,17.8,69.4,10.4,31.1,1.72,16.82,0,22.6,14.4,18.1,19.7,19.4,19.5,.8,.2,205,71,2.9,7.3,3.8,2.7,.55,-1.5
2009,307,6,34.3,6.9,19.3,61.3,8.3,29.3,2,16.7,0,23,14.8,18.6,19.9,19.6,19.7,1.2,.2,17,72,4.2,8.3,4.3,3.6,.56,-1.3
2009,308,6,32.4,7.7,19.5,63.3,10.1,30.6,1.9,12.12,0,22,15.3,18.7,20,19.8,19.9,.8,.4,206,54,3.3,8,3,2.6,.61,-.2
2009,309,6,32.9,9.4,21.1,61,12.3,28.6,2.07,15.45,0,24,16.5,19.9,20.3,20,20.1,1.3,.1,144,78,3.9,8.5,4.1,3.4,.65,.8
2009,310,6,28.3,9.1,19.1,70,15.9,35.7,1.58,10.43,0,21.9,17,19.5,20.5,20.3,20.4,.9,.3,156,67,3.8,6.6,2.4,2.4,.74,2.5
2009,311,6,30.4,8.1,18.6,72.2,13.3,37,1.6,13.87,0,23,16.3,19.2,20.5,20.1,20.3,1.1,.1,217,75,4,7.4,3.3,2.8,.71,2.1
2009,312,6,28.5,9.5,18.5,66.2,20,38.9,1.48,14.07,0,22.8,16.3,19.2,20.5,20.2,20.3,1.2,.2,201,76,4.2,6.8,3.4,2.8,.78,3.4
2009,313,6,29.3,7.5,17.8,73.9,16.4,41.9,1.43,14.69,0,22.6,15.8,18.9,20.4,20.1,20.3,1.2,.5,337,62,3.8,6.8,3.4,2.8,.77,3.3
2009,314,6,32.1,8.5,18.9,71.8,12.3,37.9,1.68,14.71,0,22.9,15.8,19,20.4,20,20.2,1,.2,359,73,3.8,8.1,3.5,2.8,.72,2.3
2009,315,6,32,9,20,70.9,14,35.4,1.78,11.48,0,22.7,16.3,19.2,20.3,20.1,20.2,1,.3,195,66,3.2,8.2,2.8,2.6,.75,2.8
2009,316,6,26.4,13.9,20.5,61.8,24.8,37.9,1.55,6.24,0,20.9,17.8,19.3,20.4,20.2,20.3,1.5,1.1,157,40,4.8,7.4,1.8,2.7,.9,5.3
2009,317,6,22,14.3,18,58,32.7,44.1,1.18,6.98,0,20.4,17.7,18.7,20.4,20.1,20.2,2.3,1.9,204,31,6.8,5.4,2.1,2.9,.9,5.4
2009,318,6,19.2,8.4,13.5,96.4,41.8,70.4,.49,7.3,1.52,18.4,15,16.9,20.2,19.6,19.9,1.6,1,176,50,10.6,2.3,1,1.7,1.08,8
2009,319,6,19.6,2.4,10.6,100,22.5,64.8,.6,15,0,18.2,12.2,14.9,19.7,18.8,19.1,1.2,.4,322,67,4.5,1.9,2.6,1.9,.76,2.6
2009,320,6,22.6,-.1,10.5,88.3,9.8,44.1,.98,15.41,0,17.7,10.3,13.7,18.8,17.9,18.3,1,.4,8,61,5.7,2.9,3.1,2.2,.44,-4.7
2009,321,6,24.5,.6,11.6,76.6,9.8,40,1.11,15.31,0,17.8,10.3,13.8,18,17.4,17.7,1.1,.4,24,67,5,3.7,3.4,2.4,.44,-4.6
2009,322,6,25,.8,11.7,78.8,11.1,38.8,1.08,13.92,0,17.9,10.6,13.8,17.6,17.1,17.4,.8,.4,171,57,3.7,3.8,2.7,2,.46,-4
2009,323,6,24.1,.5,11.9,72.5,10.9,36.9,1.11,14.42,0,17.9,10.8,14,17.4,17,17.2,1,.2,217,74,3.3,3.5,2.9,2.2,.44,-4.4
2009,324,6,25.4,1.2,12.1,71.3,11.3,36.6,1.12,14.58,0,18,10.7,14,17.2,16.8,17,.8,.2,156,73,3.9,4.1,2.9,2,.45,-4.1
2009,325,6,25.1,1.6,12.5,73.1,12.5,37.5,1.15,14.15,0,18,10.9,14.2,17.1,16.7,16.9,1,.2,15,72,4.6,4,3,2.2,.47,-3.5
2009,326,6,24.8,1.5,12.2,66.7,13.6,38.1,1.07,14.26,0,18,11,14.2,17,16.7,16.9,1,.1,219,76,3.6,3.9,2.9,2.2,.49,-3.1
2009,327,6,23.4,1.4,11.5,67.7,14.4,38.4,1.02,14.01,0,17.7,10.9,13.9,17,16.6,16.8,.9,.3,202,67,4.2,3.3,2.8,2,.47,-3.6
2009,328,6,23.4,1.5,11.4,69.2,8.2,31.8,1.14,14.24,0,16.9,10.3,13.4,16.8,16.4,16.6,1.4,.6,355,61,5.3,3.3,3.4,2.6,.35,-7.9
2009,329,6,24.6,2,12.5,60.4,9.2,26,1.28,14.13,0,17,10,13.2,16.5,16.1,16.3,1.4,1,14,44,6.3,3.8,3.5,2.7,.33,-8.3
2009,330,6,26.1,3.5,14.4,57.1,10.5,26.9,1.41,12.75,0,17,10.3,13.5,16.3,16,16.2,1.9,1.4,55,42,8.8,4.7,3.8,3.4,.41,-5.6
2009,331,6,27,5.3,14.9,56.2,14.7,32.5,1.35,13.13,0,18.3,11.3,14.5,16.4,16.1,16.2,1,.6,167,47,4.3,5.4,3,2.2,.51,-2.4
2009,332,6,21.5,11.4,15.9,50,25.1,34.4,1.21,10.62,0,18,13.8,15.4,16.7,16.4,16.5,3.2,1.8,208,53,8.4,3.9,3.5,3.8,.61,0
2009,333,6,19.3,2.5,10.8,77.2,28.2,53,.68,12.81,0,17.4,11.9,14.5,16.8,16.5,16.6,1.4,.4,80,69,9.6,1.8,2.4,1.9,.67,1.1
2009,334,6,20,4.2,11.2,85.5,29.9,58.9,.64,11.95,0,16.8,11.8,13.8,16.6,16.2,16.4,1.8,1.3,69,44,9,2.2,2.4,2.2,.75,2.8
2009,335,6,21,1.2,10.7,81.7,22.7,50.4,.79,13.37,0,16.6,10.3,13.2,16.4,15.9,16.2,1.6,.9,199,53,5.4,2.4,2.7,2.2,.6,-.3
2009,336,6,20.5,1.6,10.2,74.4,20.2,48.3,.75,12.77,0,16.3,10.2,12.9,16.1,15.7,15.9,1,.3,157,65,4.4,2.2,2.2,1.7,.57,-1
2009,337,6,20,1.1,10.2,74.7,13.8,40,.87,13.12,0,15.8,9.8,12.5,15.9,15.5,15.7,1.8,1.2,306,49,6.8,2,2.9,2.5,.46,-4.3
2009,338,6,16.1,-1.6,6.8,51.4,5.6,21.6,.86,13.89,0,17.1,8.3,12.6,15.6,14.8,15.3,1.3,.8,360,50,5.6,.6,2.8,1.9,.19,-15.5
2009,339,6,14.3,-4.1,4.4,58.7,15.5,33.8,.63,9.47,0,12.7,7.2,9.8,15.2,14.4,14.8,.8,.4,165,59,3.3,.2,1.5,1.4,.27,-10.9
2009,340,6,16.3,-1.8,8.4,86.4,32.5,56.7,.52,9.35,.25,12.6,6.7,9.4,14.4,13.6,13.9,1,.2,146,73,3.8,.7,1.4,1.3,.64,0
2009,341,6,14.8,7.2,12.4,93.8,62.4,69.4,.44,2,5.08,11.3,9.7,10.5,13.7,13.6,13.6,5.3,5,180,21,18,.5,.9,1.6,1,6.9
2009,342,6,13.5,2.8,8.4,90.8,27.3,57.2,.5,13.4,.25,11.9,8.1,10,13.7,13.4,13.6,3,2.5,260,33,12.6,.1,2.5,2.1,.62,-.1
2009,343,6,14.1,.2,5.8,93.1,29,65.5,.39,11.91,0,11.4,6.8,8.7,13.5,12.9,13.2,.9,.2,322,71,4.6,.2,1.6,1.2,.57,-1
2009,344,6,13.8,-3.2,4.8,93.2,29.5,65.6,.38,10.88,0,10.1,5,7.4,13,12.4,12.7,1.1,.1,299,75,5.6,.1,1.4,1.3,.53,-1.9
2009,345,6,16.4,-2.5,6.5,92.2,29.2,62.8,.46,12.05,0,11.3,4.9,7.8,12.4,11.9,12.1,.8,.2,148,70,2.6,.7,1.7,1.2,.57,-.9
2009,346,6,19.1,.8,9.2,85,29.7,60.9,.57,11.38,0,12.2,6.2,8.9,12.2,11.9,12.1,.7,.2,61,70,3.4,1.7,1.7,1.3,.68,1.3
2009,347,6,20.9,2.1,11,94.6,35.8,69.5,.49,7.89,0,11.6,7.2,9.6,12.4,12.2,12.2,2,.3,230,74,8.4,2.4,1.5,2,.89,5.1
2009,348,6,18.5,4.6,10.7,98,31.5,69.7,.48,11.94,0,13.3,8.9,10.6,12.7,12.4,12.5,1.1,.6,303,57,7.4,1.7,2,1.5,.86,4.6
2009,349,6,20.1,-.5,9.1,92.1,17.6,53.4,.72,12.86,0,11.9,6.5,9.1,12.8,12.4,12.6,1.7,1.1,23,48,5.7,2,2.6,2.2,.54,-1.7
2009,350,6,21.8,1.8,11.2,73,18.9,43.8,.91,10.89,0,12.5,6.6,9.3,12.6,12.2,12.4,1.9,1.5,5,34,5.7,2.7,2.6,2.5,.53,-1.9
2009,351,6,22.1,1.6,10.8,76.4,19.7,47.8,.85,12.93,0,13.2,7,9.8,12.5,12.3,12.4,1.1,.2,245,73,4,2.8,2.5,1.9,.56,-1.2
2009,352,6,22.4,1.4,10.2,75.1,14.6,46.7,.83,12.66,0,13.3,7.4,10.1,12.6,12.4,12.6,1.1,.3,226,71,4,2.9,2.4,1.9,.52,-2.2
2009,353,6,21.8,1.3,10.7,73.1,15.8,42.8,.92,12.73,0,13.4,7.3,10.1,12.7,12.5,12.6,1.9,1.1,16,54,7.8,2.7,3.1,2.6,.5,-2.9
2009,354,6,21.1,1.6,11.2,71.2,21.6,43.3,.89,9.43,0,12.9,7.6,10.3,12.8,12.5,12.6,1.1,.4,352,65,4,2.4,1.8,1.8,.54,-1.7
2009,355,6,16.8,3.4,10.5,74.7,29.2,50.7,.69,6.17,0,12.2,8.8,10.6,12.8,12.7,12.7,1,.3,161,68,4.2,1,1,1.4,.62,.2
2009,356,6,20.8,4.7,10.1,89.7,22.7,61.9,.55,7.59,4.32,12.8,9,10.4,12.8,12.6,12.7,2.7,1.5,235,54,14.8,2.6,1.9,2.7,.74,2.3
2009,357,6,12.7,2.8,7.2,79.3,41.1,61.2,.42,12.03,0,10.8,6.4,8.4,12.8,12.2,12.5,2.5,1.8,228,44,6.2,0,2,1.8,.61,0
2009,358,6,15.2,-2.6,5.1,96.1,31,69.1,.37,12.66,0,10.8,5,7.6,12.2,11.6,11.9,.9,.2,284,70,3.4,.4,1.7,1.2,.57,-.9
2009,359,6,14.3,-3.7,4.4,94.6,23.4,64.2,.4,12.81,0,10.4,4.3,7,11.7,11.2,11.5,1,.2,178,73,3,.2,1.8,1.3,.5,-2.8
2009,360,6,14.8,-4.5,4.5,89.4,16.4,54.3,.51,12.62,0,10.1,3.8,6.8,11.3,10.8,11.1,1,.3,206,69,3.2,.3,1.9,1.3,.4,-5.6
2009,361,6,15.4,-4.6,5.1,82.8,14.4,47.8,.58,12.8,0,10.2,4,6.9,11,10.6,10.8,1.1,.1,204,79,4.1,.4,2.1,1.5,.37,-6.8
2009,362,6,15.2,1.6,7.9,75.4,21.9,46.5,.64,4.56,0,9.5,6.2,7.7,10.9,10.7,10.8,1.3,1,26,44,5.8,.4,.9,1.6,.47,-3.7
2009,363,6,16.7,3.6,9.1,72.8,18.8,40.2,.77,8.58,0,11.6,7.1,8.9,11.1,10.8,10.9,1.7,.8,205,59,7,.9,1.9,2.1,.44,-4.6
2009,364,6,17.3,3.6,10.5,56.6,21.6,39.2,.85,10.2,0,12.1,6.5,9.2,11.2,11,11.1,2.2,1,180,60,6.7,1.1,2.3,2.4,.48,-3.4
2009,365,6,17.2,2.9,9.5,71.3,14,41.3,.78,13.04,0,12.7,7.5,9.9,11.6,11.2,11.4,2.1,1.7,1,35,6.3,1.1,2.9,2.4,.46,-4.1
