2013,1,6,12.4,-3.1,4.3,92.2,27.3,64.2,.35,11.43,.25,10.8,5.4,7.9,12.3,11.7,12,1.2,.1,41,78,4.2,0,1.5,1.3,.51,-2.5
2013,2,6,16.3,1.1,7.9,75.9,20.5,42.7,.69,13.09,0,11.8,5.8,8.4,11.8,11.4,11.6,2.1,1.9,351,25,5.6,.7,2.6,2.3,.43,-4.9
2013,3,6,16.7,.2,7.9,68.6,19.2,42.2,.72,13.04,0,11.6,5.8,8.6,11.7,11.4,11.5,2.4,2,11,32,7.6,.8,3,2.5,.41,-5.3
2013,4,6,15.5,-.7,6.7,75.1,25.9,50.4,.56,13.04,0,11.9,6.1,8.7,11.6,11.4,11.5,1.4,.9,23,50,6.6,.5,2.3,1.7,.47,-3.5
2013,5,6,17.1,-3.1,5.6,87.4,23.1,55.8,.53,12.87,0,12.1,5.4,8.4,11.6,11.2,11.4,.9,0,195,80,3.7,.8,2,1.5,.47,-3.7
2013,6,6,18.1,-1.6,7.1,82.5,20.1,51.3,.61,10.46,0,11.4,6,8.5,11.5,11.2,11.3,1.3,1,211,40,4.6,1.2,1.8,1.8,.47,-3.6
2013,7,6,13.6,-.5,6.6,72.9,30,51.4,.52,8.7,0,10.6,6.5,8.5,11.4,11.2,11.3,1.4,.7,204,58,3.6,.1,1.3,1.5,.48,-3.2
2013,8,6,19.2,-2.9,7.4,85.3,15.1,48.1,.7,13.47,0,12.3,5.5,8.6,11.3,10.9,11.1,1.3,.8,179,49,4.6,1.5,2.3,2,.43,-4.8
2013,9,6,20.8,-1.3,8.8,76.6,17.9,46.3,.76,12.79,0,12.9,6.4,9.4,11.4,11.1,11.2,1.3,.4,172,69,4.2,2.1,2.4,2.1,.48,-3.3
2013,10,6,18.3,.5,8.8,77.6,24,49.7,.65,4.89,0,10.4,7.3,9.1,11.5,11.3,11.4,2.2,1.2,248,55,9.9,1.4,1.3,2.4,.54,-1.8
2013,11,6,11.4,-1.2,6.5,69.7,13.7,39.5,.62,13.79,0,12.1,7.6,9.6,11.5,11.4,11.4,2.5,1.9,255,39,9.5,0,2.8,2.1,.37,-7.4
2013,12,6,10.6,-5.6,2.4,72.5,16.7,40.1,.5,13.61,0,10.6,4.7,7.5,11.6,10.9,11.2,1.5,.9,215,53,6.6,0,2.2,1.7,.27,-10.9
2013,13,6,9.3,-7.6,.9,71.5,14,39.6,.45,12.32,0,9.3,3.7,6.3,11,10.4,10.7,1.5,.5,209,65,5.4,0,1.9,1.5,.24,-12.5
2013,14,6,6.1,-5,.3,50,14.8,32.5,.45,14.12,0,8.2,3.2,5.5,10.4,9.8,10.1,2.4,1.8,224,43,7.5,0,2.4,1.9,.19,-14.8
2013,15,6,8.9,-8.1,.6,68.9,11.1,34.3,.5,14.08,0,8.3,2.1,4.9,9.9,9.2,9.6,1.4,.6,302,61,6.3,0,2.3,1.5,.19,-15.4
2013,16,6,15,-5.9,4.3,63.8,15.6,33.9,.66,13.91,0,10.2,2.8,6.2,9.4,9.1,9.2,1.2,.1,250,79,4.2,.3,2.4,1.8,.26,-11.3
2013,17,6,21.7,-2.2,8.8,68.5,12.4,36.5,.94,14.09,0,11.8,4.3,7.8,9.7,9.3,9.5,1.5,.8,25,56,5.7,2.4,3.1,2.5,.36,-7.1
2013,18,6,22.8,.5,10.8,63.7,14.2,37.2,.99,13.72,0,13.1,6.2,9.3,10.3,9.7,10,1.3,.8,15,50,4.3,3,2.9,2.4,.44,-4.5
2013,19,6,23.1,-.8,9.9,70.3,13.3,40.8,.94,14.52,0,13.7,6.5,9.9,10.8,10.3,10.5,1.2,.3,217,71,4,3,2.9,2.3,.44,-4.6
2013,20,6,23.4,0,10.8,69.9,12.5,37.4,1.03,13.99,0,14.2,7.2,10.5,11.1,10.8,10.9,1.3,.1,227,77,3.9,3.3,3,2.4,.42,-5.1
2013,21,6,25.2,2.1,12.4,63.6,12.1,34.4,1.18,14.3,0,15.3,8.1,11.4,11.6,11.1,11.4,1.1,.2,305,75,5,4.2,3.2,2.4,.43,-4.8
2013,22,6,25.5,2.4,13.2,65.3,12.4,35.1,1.22,14.53,0,16.1,9,12.3,12.1,11.6,11.9,1,0,236,80,4.4,4.3,3.2,2.3,.46,-3.8
2013,23,6,25.2,3.4,13.4,68.5,15,39.8,1.13,11.86,0,15.5,9.7,12.4,12.5,12.1,12.3,1.1,.4,20,67,4.1,4.3,2.7,2.4,.55,-1.4
2013,24,6,17.4,10.6,13.3,90.9,34.9,64.5,.55,3.35,.51,13.5,12.1,12.7,12.8,12.5,12.7,1,.3,332,65,4.2,1.7,.4,1.2,.99,6.4
2013,25,6,23.2,9.1,15.4,92.5,39,71.1,.61,9,0,16.1,11.4,13.5,13.1,12.8,12.9,1.2,.2,301,76,4.5,4.2,1.5,1.8,1.21,9.7
2013,26,6,17.1,13.1,14.5,99.7,69.5,94.3,.1,2.45,25.91,14.8,13.9,14.3,13.7,13.1,13.4,1.9,1.1,205,54,6.3,2.3,0,.7,1.55,13.5
2013,27,6,20.1,12.3,15,99.9,56.1,88.8,.21,7.71,3.56,16.5,13.4,14.7,14,13.6,13.8,1.7,1.2,174,43,6.7,3.5,.9,1.5,1.51,13.1
2013,28,6,14.2,7.3,10.6,90.7,38.4,65.1,.45,12.14,.51,14.5,10.8,12.8,14.1,13.9,14,3.7,3.2,241,29,13.9,.3,2.4,2.2,.84,4.1
2013,29,6,13.2,2.2,7.8,83.4,29.6,58,.49,15.14,0,12.1,7.7,9.9,13.9,12.9,13.4,2.5,2.1,242,31,8.2,0,2.8,2.1,.59,-.6
2013,30,6,19,-.1,7.7,94,16.1,63.8,.48,15.5,0,13.1,6.4,9.5,12.9,12.2,12.5,1,.3,160,66,3.3,1.6,2.3,1.9,.62,.1
2013,31,6,18.6,.5,8.7,95.9,29.2,68.4,.47,13.48,0,12.8,6.8,9.6,12.4,12,12.2,1.3,.4,294,66,5.3,1.4,2.1,1.9,.73,2.3
2013,32,6,21.4,2.1,10.6,93.5,20.6,64.8,.62,15.74,0,14.6,7.2,10.6,12.2,11.9,12.1,1,.5,174,59,4.3,2.6,2.6,2.1,.76,3
2013,33,6,23,3.1,12.3,95.9,24,63,.72,15.5,0,15.8,8.5,11.8,12.5,12.2,12.3,.9,.3,213,68,3.5,3.3,2.7,2.1,.82,4.1
2013,34,6,20.1,10.2,14.6,86.5,29.2,62.1,.7,7.46,0,15.2,11.6,13.2,13.1,12.5,12.8,1.1,.4,298,65,4.8,3,1.3,1.7,1,6.9
2013,35,6,22.8,8.2,14.3,91.9,30,66.2,.67,15.03,0,18,11.5,14.3,13.6,13.1,13.3,1,.4,166,62,3.7,3.9,2.7,2.2,1.02,7.2
2013,36,6,23.2,5.7,13.9,93.9,30.3,64.9,.71,16.09,0,18.4,11.2,14.5,14.1,13.6,13.8,1.1,.1,109,78,3.6,3.7,2.9,2.3,.97,6.5
2013,37,6,23,6.9,14.3,91.7,32,63.3,.72,14.36,0,18.5,12.1,14.9,14.4,14.1,14.2,1.4,.4,238,70,4.2,3.7,2.7,2.4,.98,6.6
2013,38,6,22.5,5.5,13.7,90.1,28.3,58.6,.78,16.11,0,18.7,11.6,14.9,14.6,14.4,14.5,1.3,.7,153,56,3.8,3.3,3,2.5,.86,4.8
2013,39,6,18.8,9.1,13.3,74.7,27.5,45.9,.87,15.28,0,17.3,12.2,14.5,14.8,14.5,14.7,3.3,1.9,222,53,8.6,2.2,3.8,3.5,.68,1.2
2013,40,6,14.1,5.5,9.6,87.7,27,51.7,.61,13.14,.25,15,11.4,13.2,14.8,14.4,14.6,2.7,2.2,246,34,11.8,.2,2.7,2.6,.59,-.6
2013,41,6,15.3,3,8.4,68,28.8,50.7,.6,15.5,0,15.7,9.3,12.3,14.4,13.9,14.1,1.9,1.6,161,36,5.8,.5,2.7,2.4,.54,-1.8
2013,42,6,11.4,2.2,5.9,91.7,49.5,72.4,.27,10.83,0,13.7,9.7,11.2,14,13.5,13.8,2.3,.3,349,75,9.5,0,1.6,1.7,.67,1.1
2013,43,6,13.4,-2.7,5.8,97.2,24.7,67.1,.39,17.43,0,14.7,7.2,10.6,13.6,12.9,13.2,1.2,.3,261,72,4.8,.1,2.6,1.8,.58,-.9
2013,44,6,17.1,-1.6,7.4,85.5,15.1,52.9,.62,17.56,0,15.3,7.3,11.1,13.1,12.7,12.9,1.1,.5,205,59,4.5,.9,2.9,2.2,.49,-3.3
2013,45,6,19.9,-1,9.4,80.1,17.7,48.3,.76,17.73,0,16.2,8.1,11.9,13.1,12.8,12.9,1.1,.2,240,73,4.2,1.8,3.3,2.4,.51,-2.4
2013,46,6,24,2.9,12.8,75.1,10.3,38.6,1.14,17.23,0,16.9,9.4,12.8,13.4,13,13.2,1.8,1.3,10,42,6.9,3.7,4.2,3.5,.48,-3.6
2013,47,6,25.9,1.4,13.6,63.4,7.6,30.8,1.32,18.67,0,17.5,9.4,13.3,13.6,13.3,13.5,1.8,1.1,39,50,7.9,4.4,4.8,3.9,.41,-5.4
2013,48,6,23.9,1.7,12.7,69.2,9.5,32.7,1.23,18.6,0,17.7,9.9,13.6,13.9,13.6,13.7,2,1.3,240,47,8.7,3.5,4.7,3.8,.4,-5.8
2013,49,6,23.5,1.8,12.8,68.9,10.3,34.5,1.14,17.75,0,18.4,10.4,14.1,14.1,13.8,14,1.2,.4,126,68,5.1,3.3,3.8,3,.45,-4.1
2013,50,6,22.8,5.7,14.6,53.7,9.9,27.4,1.31,18.28,0,17.7,11.7,14.4,14.4,14.1,14.2,4.6,4.2,174,24,11.2,3.5,6.1,5.7,.42,-5.2
2013,51,6,12.4,2.3,7.8,97.4,52.1,74.5,.3,6.19,4.32,14.9,9.7,12.8,14.6,14.2,14.4,3.7,2.5,189,46,9.9,0,1,1.6,.78,3.3
2013,52,6,14.1,.3,7.6,98.3,38.9,72.8,.35,16.81,0,14.4,7.6,10.7,14.2,13.2,13.6,1.2,.2,316,74,4.9,.2,2.4,1.9,.73,2.5
2013,53,6,16.3,1.8,9.4,95.5,23.9,61.1,.54,18.64,0,15,8.6,11.7,13.4,13,13.2,1.4,.6,253,59,5.8,.7,3.1,2.4,.67,1
2013,54,6,18,.4,9.5,90.3,21.4,54.6,.66,19.03,0,15,7.7,11.2,13.3,12.8,13.1,1.4,.5,148,67,4.9,1.3,3.3,2.6,.6,-.4
2013,55,6,15.1,4.2,9.6,75.8,10.4,33.1,.86,17.97,0,13.1,8.8,10.7,13.1,12.8,13,4.7,4.1,316,28,13.2,.5,5.1,4.3,.37,-7.9
2013,56,6,16.9,-2.2,8.3,71.1,13.9,35.7,.81,19.99,0,15.6,6.6,10.7,12.9,12.4,12.6,1.2,.2,144,73,4,.8,3.6,2.6,.35,-7.4
2013,57,6,19.6,-2.4,8.9,82.7,11.5,42.1,.84,20.07,0,16.2,7.5,11.6,12.8,12.5,12.7,1.5,.6,263,61,6.3,1.7,4,3,.41,-5.7
2013,58,6,18.5,-.2,10.1,66.5,8.7,29,1.01,20.37,0,16.5,8.3,12.2,13,12.7,12.9,1.6,1,341,50,6.5,1.4,4.4,3.2,.31,-9.5
2013,59,6,20.9,.7,10.7,56,8.8,27.5,1.1,20.41,0,16.6,8.5,12.4,13.2,12.9,13.1,1.8,.9,346,59,7.9,2.3,4.7,3.7,.31,-9.3
2013,60,6,24.8,-.4,12.6,69.3,11.4,33.7,1.24,20.45,0,21.4,9,14.9,14.5,12.9,13.3,1.3,.2,196,75,4.3,3.8,4.4,3.5,.41,-5.4
2013,61,6,28.4,3.6,15.6,70.3,11.2,36.2,1.43,20.47,0,19.9,12.6,16.3,15.5,14.5,15.3,1,0,105,80,4.6,5.7,4.5,3.4,.55,-1.6
2013,62,6,24.6,5.2,16,70.3,16.4,38.4,1.3,11.66,0,16.6,11.6,14.4,15.6,15,15.3,1.3,.4,168,69,4,4.2,2.6,2.9,.64,.6
2013,63,6,23.6,9.2,16.8,64.7,20.9,36.7,1.32,19.96,0,17.7,11.7,14.6,15.1,14.7,14.9,2.5,1.8,232,43,9,4.4,5.2,4.4,.67,1.2
2013,64,6,25.5,5.5,16,74,16.8,41.7,1.28,17.44,0,18.8,11.4,15,15,14.7,14.9,1.6,.8,130,57,6.5,4.7,4.2,3.6,.68,1.3
2013,65,6,27.3,7.4,18,63.7,13.5,34,1.54,20.88,0,21.7,13,17,15.5,15,15.2,1.5,.9,166,53,7,5.8,4.9,4.1,.64,.5
2013,66,6,26.5,9.4,17.7,59.3,13.5,34.9,1.49,20.81,0,22.2,13.7,17.7,16.1,15.5,15.8,2.1,1.5,173,41,6.7,5.8,5.1,4.6,.65,.7
2013,67,6,18.8,6.7,12.8,96.4,28,74.1,.43,10.77,14.48,18.4,13.3,16,16.4,16.1,16.3,4.5,2.9,182,48,19,1.9,2.2,2.6,1.07,7.8
2013,68,6,13.5,4.7,9.3,97.9,54.6,79.4,.27,9.36,0,14.3,10.6,12.5,16.2,15,15.5,1.8,.1,242,80,7.2,.1,1.2,1.6,.92,5.7
2013,69,6,20.1,2.5,10.9,100,27.9,71.7,.52,20.61,0,17,9.4,13,15,14.3,14.6,1.4,.2,324,74,5.7,2.1,3.6,2.9,.87,4.8
2013,70,6,23.8,3.6,13.5,96.9,14.2,59.3,.85,21.95,0,19,10.1,14.3,14.7,14.3,14.5,1,.3,144,69,4,3.7,4.1,3.2,.81,3.9
2013,71,6,27.8,5.2,16,94,13,51.6,1.18,22.01,0,21.3,11.5,16,15.2,14.7,14.9,1,.2,313,70,3.4,5.7,4.5,3.6,.81,3.7
2013,72,6,30.4,6.9,18.6,86.6,11.7,45.1,1.54,22.24,0,23,13.2,17.8,16,15.2,15.5,1.1,.5,359,60,4.6,7.1,5.1,4,.82,4
2013,73,6,33.5,8,20.3,80.2,8.8,42,1.85,21.86,0,24.5,14.5,19.2,16.8,16,16.3,.9,.2,116,73,5.4,8.3,5.1,4.2,.82,3.9
2013,74,6,33,8.8,20.5,82,8.6,40.2,1.84,21.56,0,24.8,15.8,20.1,17.5,16.8,17.1,1.5,.3,304,72,5.8,8.5,5.5,4.9,.82,4
2013,75,6,31.3,10.1,21.2,65.3,9.6,29.6,2.05,21.34,0,25.1,16.5,20.5,18,17.5,17.7,2,.8,238,64,9.1,8.3,5.9,5.3,.65,.5
2013,76,6,29.4,13.6,20.7,42.1,10.4,24.9,2,21.92,0,24.6,17,20.6,18.4,18,18.2,2.9,1.8,202,51,7.8,8.8,6.6,6.3,.56,-1.3
2013,77,6,30,9.9,19.8,64.9,11.5,32.7,1.8,22.24,0,25.4,16.5,20.6,18.6,18.2,18.4,1.5,.5,209,67,5.6,7.7,5.6,4.7,.67,1.1
2013,78,6,28.3,13.1,20.1,55.8,13.2,33.2,1.74,21.41,0,25.6,17.8,21.4,19,18.6,18.7,1.7,.7,213,63,7.4,7.9,5.4,4.7,.72,2.1
2013,79,6,29.2,9.7,19.7,72.5,12.6,35.8,1.72,18.9,0,23.2,17.4,20.4,19.6,18.9,19.1,1.6,.5,271,68,6.8,7.2,4.8,4.5,.73,2.2
2013,80,6,29.3,15.3,22.5,52,14.6,27.6,2.07,20.21,0,22,16.9,19.3,19.8,19.2,19.5,2.4,1.7,223,43,7.2,9.5,5.9,5.6,.72,2.1
2013,81,6,28.6,12.5,20.4,58.7,13.4,31.3,1.8,22.87,0,21.6,14.8,18.1,19.3,18.5,18.9,2.7,1.8,218,48,9.2,7.7,6.5,5.9,.69,1.6
2013,82,6,26,9.8,18.2,62.8,5,23.8,1.75,23.71,0,22.6,14.6,18.3,18.7,18.2,18.5,2.5,1.3,276,57,9,5.6,6.6,5.6,.42,-6.8
2013,83,6,26,5.3,15.9,52.6,5.8,21.1,1.62,24.1,0,23.3,13.8,18.4,18.6,18,18.3,1.2,.2,225,72,5.7,4.9,5.6,4.3,.33,-8.4
2013,84,6,28.1,5.6,17.5,60.8,8.5,24.1,1.77,24.15,0,24.5,14.7,19.3,18.5,18.1,18.4,1.1,.1,100,78,5.2,5.8,5.6,4.2,.42,-5.2
2013,85,6,31.3,7.9,19.9,65.7,7.8,24.9,2.05,21.37,0,24.6,16.2,20.2,18.8,18.5,18.6,1.3,.5,180,64,5.8,7.7,5.4,4.7,.49,-3
2013,86,6,30.2,11.6,21.1,51.6,8.5,21.3,2.18,20.7,0,24.3,17.2,20.6,19.2,18.8,19,2.3,1.1,200,59,8.8,8.3,6.3,5.9,.48,-3.4
2013,87,6,30.1,11.7,21.3,44.2,8.8,21.1,2.16,22.2,0,25.7,17.6,21.4,19.5,19.1,19.2,1.6,.9,161,55,5.6,8.2,5.9,5.1,.5,-2.8
2013,88,6,30.6,8.7,20.6,72,7.7,26.1,2.05,23.98,0,26.6,17.7,22,19.9,19.5,19.6,1.2,.3,214,71,4.9,7.5,6,4.7,.56,-1.4
2013,89,6,29.1,13.7,20.8,56.1,11.9,29.3,1.89,13.33,0,24,19.3,21.6,20.1,19.9,20,1,.1,130,76,5.2,8.6,3.2,3.5,.66,1
2013,90,6,31.3,11.6,21.8,59.8,11.3,26.6,2.18,24.7,0,26.9,17.4,21.8,20.1,19.7,19.9,2.1,1.1,203,56,8,8.7,6.8,6,.62,.1
2013,91,6,28.7,13.5,21.4,56.7,8.9,26.6,2.04,24.38,0,26.4,19.1,22.6,20.5,20.1,20.3,2.7,2.1,248,37,8.3,8.3,7.2,6.3,.61,-.8
2013,92,6,28.1,9.8,19.8,42.6,11.1,24.2,1.92,25.4,0,26.5,18.1,22.2,20.6,20.2,20.5,2,1.3,233,50,8.2,6.7,6.8,5.6,.52,-2.3
2013,93,6,29.8,9.6,20.4,56.7,10.5,28,1.95,25.36,0,27.2,18.5,22.7,20.7,20.4,20.6,1.5,.1,145,77,6,7.5,6.4,5.2,.6,-.3
2013,94,6,30.8,9.7,21.2,59.9,9.9,27.7,2.09,19.58,0,26,19,22.7,21.8,20.7,21,1.1,.1,280,76,4.3,7.8,4.9,4.3,.61,-.1
2013,95,6,31.7,15.8,23.8,46.5,9.9,22.5,2.43,25.41,0,24,19.1,21.4,22.3,21.7,22,2.7,2.2,242,35,10.6,10.8,7.8,7,.62,-.2
2013,96,6,30.7,13,22.3,42.4,12.4,24.2,2.22,25.41,0,24.8,15.9,20.1,21.7,20.6,21.1,2,1.1,173,55,7.1,9,6.9,6,.62,.1
2013,97,6,31.3,11.9,22.6,56.5,12,27.7,2.2,24.9,0,26.8,17.6,22,21,20.6,20.8,2.2,1.3,214,52,6.9,8.8,6.9,6.2,.69,1.6
2013,98,6,29,11.3,20.3,90.3,14.1,38.4,1.68,23.89,2.03,24.5,19.1,21.8,21.2,20.9,21.1,6.4,4.8,205,41,17.7,7.6,9.2,8.4,.82,3.8
2013,99,6,22.8,11,16.7,91.8,14.2,38.3,1.31,23.35,.25,22.9,16.9,19.8,21.2,20.5,20.8,4.3,3.3,254,39,10.7,4.4,6.6,6.1,.64,-.2
2013,100,6,23.1,6.7,15.6,65.3,16.7,33.1,1.29,25.29,0,24.5,16.1,20.1,20.6,20,20.3,2.1,.7,321,66,7.8,3.8,5.9,4.9,.56,-1.2
2013,101,6,28.4,6.4,18.4,67.9,9.6,30.4,1.74,25.68,0,25.9,16.5,21,20.4,20,20.2,1.7,.4,169,70,7,6.1,6.3,5.4,.54,-1.8
2013,102,6,30.4,8.5,19.1,62,9.2,31.2,1.79,21.51,0,25.7,17.8,21.5,20.6,20.3,20.5,1.4,1,186,46,5.4,7.4,5.3,4.9,.6,-.4
2013,103,6,32.1,12.2,22.2,44.9,9.1,22,2.35,25.93,0,26.9,18.1,22.4,20.8,20.4,20.6,2.9,1.8,212,50,8.4,9.1,7.8,7.4,.53,-2.1
2013,104,6,32.1,14.1,23.2,40.5,9.3,22.8,2.39,26.16,0,27.6,19.5,23.4,21.3,20.8,21,3.6,2.9,184,35,10.1,10,8.4,8.2,.6,-.3
2013,105,6,31.3,15,23.1,47.7,10.5,25.1,2.28,26.58,0,27.5,20.1,23.7,21.7,21.3,21.5,3.5,2.8,212,36,11,10.2,8.5,7.9,.65,.8
2013,106,6,28.8,12.2,21.3,56.6,12.7,28.6,1.94,26.45,0,26.7,20.2,23.3,21.8,21.5,21.7,4.1,3.4,223,33,11,7.7,8.5,7.7,.69,1.2
2013,107,6,23.4,11.6,17.4,49.7,8.5,23.6,1.6,27.22,0,25.1,19.2,22,21.9,21.4,21.6,4.2,3.8,261,28,11.2,4.9,8.2,7.1,.43,-5.6
2013,108,6,23,9.6,16.1,34.6,9.1,17.1,1.6,28.22,0,25.4,17.5,21.2,21.6,21,21.2,3,2.3,328,38,8.1,4.2,7.4,6.4,.3,-9.5
2013,109,6,27.6,4.6,17.5,47.9,4.9,18.9,1.86,28.59,0,26.5,16.8,21.4,21.2,20.7,21,1.5,.6,3,63,5.4,5.4,7,5.4,.32,-8.9
2013,110,6,31.7,7.2,20.3,58.1,7.1,18.2,2.25,28.12,0,27.3,17.8,22.4,21.2,20.8,21,2,1,226,56,9,7.6,7.7,6.5,.38,-6.4
2013,111,6,33.8,9.3,23,46.6,6.4,18.3,2.61,28.03,0,28.9,19.2,23.8,21.7,21.2,21.4,1.5,.5,240,67,7.2,8.7,7.5,6.1,.45,-4.1
2013,112,6,34.8,13.4,24.6,36.4,6.6,15.7,2.9,28.16,0,29.6,20.4,24.8,22.3,21.7,21.9,2.2,1,237,61,8.1,10.3,8.3,7.4,.43,-4.7
2013,113,6,32.5,14.5,24,35.9,10.4,18.8,2.62,27.67,0,29.6,21.1,25.2,22.7,22.2,22.4,2.2,1.1,235,57,6.9,10.3,7.9,6.9,.52,-2.3
2013,114,6,33.1,13.2,24,44.1,8.5,20.4,2.63,24.96,0,29,21.3,25.3,23,22.6,22.8,1.9,1,214,55,7.4,9.8,7.1,6.4,.55,-1.6
2013,115,6,29.2,14,22.3,40.4,13.2,23,2.17,28.12,0,28.4,22,25.1,23.1,22.9,23,3.1,2,226,61,11.9,8.8,8.5,7.4,.6,-.4
2013,116,6,32.3,10.1,21.9,59.7,9.9,27.5,2.21,28.36,0,28.6,20.7,24.6,23.6,22.8,23.1,1.3,.3,260,72,5.9,8.5,7.1,5.8,.63,.3
2013,117,6,35.4,12.9,24.9,56.3,6.5,21.7,2.82,28.74,0,26.3,19.9,23.1,23.9,23.3,23.6,1.6,.4,253,69,6.9,10.2,7.9,6.7,.57,-1.1
2013,118,6,36.9,11.8,25.3,52.3,4.3,19.9,3,29.46,0,26.9,18.1,22.4,23.4,22.6,22.9,1.4,.5,182,64,7.6,10,8,6.6,.53,-2.2
2013,119,6,38.7,13,28.1,43.1,5.3,13.1,3.69,29.15,0,29.8,19.2,24.3,23,22.5,22.8,2.2,1.3,223,51,8.1,10.8,9,8.1,.43,-4.7
2013,120,6,37.6,19.9,28.8,25.6,5.5,11.7,3.72,29.43,0,30.9,22.3,26.4,23.8,23,23.4,3.2,2.3,204,45,9.5,13.7,10.2,9.6,.43,-4.9
2013,121,6,34.6,15.1,26,31.2,7.2,14.8,3.07,29.42,0,30.9,22.1,26.4,24.1,23.7,23.9,2.4,1.3,207,55,6.8,11.1,8.9,7.9,.46,-3.9
2013,122,6,32.5,16.8,25.2,28,4.9,10.2,3,29.98,0,30.1,22.9,26.3,24.3,24,24.2,3.4,2.9,2,30,9.3,11.4,9.9,9,.31,-9.1
2013,123,6,32.1,17.9,24.7,32.4,7.3,13.8,2.79,28.85,0,29.1,22.8,25.6,24.5,24.1,24.3,5,4.3,70,31,12.7,11.9,10.6,10.4,.41,-5.4
2013,124,6,35.2,13.9,24.9,50.7,6.4,19.2,2.86,27.95,0,31,22.2,26.3,24.4,24,24.2,1.7,1.1,191,48,6.7,10.7,7.8,6.7,.51,-2.5
2013,125,6,33.3,18.2,26,32.9,7.2,16.1,2.95,27.75,0,29.8,23.6,26.6,24.6,24.4,24.5,4.1,3.3,195,37,11.4,12.3,9.9,9.6,.51,-2.6
2013,126,6,29.6,17.1,23.4,50.3,20.3,32.7,2.04,26.48,0,30.9,23.6,27,24.8,24.5,24.6,2.7,2.1,183,38,7.8,10.6,7.2,6.9,.91,5.6
2013,127,6,29.4,14.4,22.1,55.6,14.7,33.7,1.89,29.47,0,30,22.9,26.4,25,24.6,24.8,3.1,2.1,229,47,10.3,9.1,8.3,7.4,.85,4.6
2013,128,6,28.4,14,21.7,58,20.4,34.9,1.8,27.73,0,30,22.7,26.3,24.9,24.5,24.8,1.7,.6,177,64,6.2,8.4,6.7,5.8,.86,4.8
2013,129,6,30.3,15.3,23.5,54.3,13.2,28,2.21,29.1,0,31.1,23.3,27,25,24.7,24.8,2.1,1.2,210,52,7,10,7.7,6.8,.76,2.9
2013,130,6,32.9,14.1,24.9,51.6,9.1,24.8,2.61,29.48,0,29.8,23.2,26.3,25.4,25,25.1,1.5,.5,268,65,8.1,10.2,7.7,6.4,.7,1.7
2013,131,6,34.2,16.1,26.2,46.3,9,24.2,2.8,29.33,0,25.4,21.4,23.6,25.5,24.8,25.2,2.8,2.1,66,38,10.9,11.5,9.2,8.1,.76,2.8
2013,132,6,36.2,16.4,27.3,60.1,9.9,23.4,3.09,29.36,0,29.9,19.7,24.5,24.8,24,24.4,1.8,.7,82,64,6.9,12,8.3,7.2,.75,2.8
2013,133,6,37.6,16.8,28.5,56.2,8.9,21.3,3.43,28.41,0,32.3,22.3,27.2,25,24.4,24.6,1.4,.3,2,72,7.2,12.4,8,6.8,.73,2.3
2013,134,6,39,22.8,30.9,31.9,8,15.2,3.99,28.5,0,33.1,24.6,28.7,25.8,25,25.4,3.3,2,190,51,8.7,15,9.9,9.9,.64,.6
2013,135,6,38.4,19.9,29.5,40.5,8.7,19.2,3.59,29.14,0,33.3,25.4,29.3,26.3,25.8,26,3.2,1.6,216,56,11.6,13.8,9.9,9.6,.73,2.4
2013,136,6,38.1,19.7,28.7,40.8,5.7,15.9,3.6,29.88,0,30.4,24.1,27.3,26.7,26.3,26.5,3.1,2.2,188,43,9.9,13.7,10,9.6,.55,-1.7
2013,137,6,35.1,17.4,27.2,31.7,8.4,16.5,3.2,25.26,0,25.4,20.1,22.8,26.8,25.4,26.1,2.8,1.5,213,54,8.8,12.3,8.3,8.1,.56,-1.2
2013,138,6,33.6,18.2,26.4,45.9,12.1,22.8,2.79,29.22,0,29.4,20,24.4,25.4,24.6,24.9,2.9,1.8,225,50,9.9,12.4,9,8.3,.75,2.7
2013,139,6,34.5,17.6,27,42.8,11,22.5,2.97,29.68,0,31.6,22.2,26.8,25.4,24.9,25,2.8,1.8,222,48,10,12.3,9,8.3,.74,2.5
2013,140,6,35.6,18.4,28,46,7.3,16.9,3.34,30.22,0,31.9,24,27.9,25.9,25.4,25.6,3.3,2.5,280,40,12.6,12.8,10.3,9.4,.57,-1.4
2013,141,6,36.6,14.9,26.7,43.2,6.4,16.4,3.27,29.84,0,33,23.5,28.2,26.2,25.8,26,1.7,.8,208,60,7.2,11.4,8.5,7.3,.5,-2.8
2013,142,6,39.1,18,28.9,28.3,6.7,14,3.75,29.91,0,32.8,24.5,28.6,26.5,26.1,26.3,3.5,3,174,30,9.8,13.1,10.5,10.4,.51,-2.4
2013,143,6,37.8,18.4,28.5,30.2,5.1,15.6,3.55,30.15,0,28.7,23.5,26.7,26.7,26.5,26.6,3.9,3.3,186,31,9.9,13.1,10.9,10.6,.56,-1.4
2013,144,6,37.8,14.5,27.6,32.5,6.5,14,3.47,30.27,0,25.8,19.7,22.8,26.7,25.4,26,2.7,1.6,193,51,8.9,11.4,9.7,9,.48,-3.3
2013,145,6,37.3,17,27.8,24.5,6,12.8,3.51,30.57,0,30.2,19,24.4,25.4,24.5,24.9,2.2,1,196,59,7.4,12.5,9.2,8.2,.44,-4.4
2013,146,6,35.7,18,26.7,28.5,5.6,13.7,3.27,27.88,0,30.6,22,26.4,25.4,24.9,25.2,2,1.2,188,53,6.7,12.7,8.2,7.6,.44,-4.6
2013,147,6,34.8,17.3,26.2,28.9,8,17.5,3,25.11,0,31,22.9,26.8,25.7,25.4,25.5,2,.8,216,63,6.9,12.2,7.3,7,.57,-1.1
2013,148,6,36.1,16.2,27,31.9,9.6,18.4,3.15,27.87,0,31.7,23.2,27.4,25.9,25.6,25.8,2.7,1.8,202,47,8.9,11.9,8.7,8.4,.62,.1
2013,149,6,36.2,19.1,28.3,36.2,12.8,22.9,3.18,29.38,0,32.6,24.6,28.6,26.4,25.9,26.1,3,2,230,47,9.6,13.3,9.4,8.9,.83,4.3
2013,150,6,37.3,20.4,29.4,55.6,13,28.6,3.22,29.51,0,34.3,25.7,29.9,27,26.4,26.6,2.6,1.6,220,50,6.8,14,8.9,8.6,1.06,7.7
2013,151,6,37.6,20,29.5,58.4,11.3,29.8,3.17,29.83,0,33.2,26.9,29.9,28.3,27,27.5,1.8,.6,217,66,6.9,13.8,8.4,7.5,1.12,8.2
2013,152,6,41.7,22.1,32.4,54,8.3,23.9,4.07,29.69,0,31.2,24.9,28.1,28.5,27.8,28.2,1.6,.6,253,63,5.2,15,8.6,7.8,1.02,6.9
2013,153,6,42.5,24.4,33.7,32.3,6.6,17,4.67,29.8,0,33.2,23.4,28.2,27.9,27.2,27.5,3,2,197,46,8.7,15.9,10.4,10.3,.82,3.9
2013,154,6,40.4,23.6,32,29.1,5.9,14.2,4.36,30.64,0,34.6,25.6,30,27.9,27.5,27.6,2.8,1.5,190,54,9,15.5,10.2,9.7,.61,-.1
2013,155,6,39.9,21.2,31.3,30.8,8.6,15,4.17,30.26,0,35.5,26.5,30.9,28.4,27.9,28.1,2.3,1.3,200,54,7.1,14.5,9.6,8.8,.64,.7
2013,156,6,39.5,19.9,30.7,28.1,6.4,14.3,4.07,30.65,0,36,27.1,31.5,28.8,28.4,28.5,1.9,.8,195,62,5.5,14,9.2,8.1,.59,-.7
2013,157,6,41.7,21.5,32.8,33.8,6.4,13.7,4.65,30.08,0,32.6,27,29.8,29.1,28.7,29,2.7,1.8,223,46,8,14.8,10.1,9.6,.62,.1
2013,158,6,43.3,23.3,34.3,27.7,6.1,12.6,5.04,29.8,0,29.7,22.9,26.4,29.2,28,28.6,2.8,1.9,219,47,7.7,15.6,10.3,10.2,.64,.5
2013,159,6,42,23.9,34.1,23.5,5.7,11.9,5,30.35,0,33.5,24,28.6,28,27.5,27.8,3.7,2.4,237,47,11.2,15.7,11.5,11.4,.58,-.7
2013,160,6,41.7,20.6,32.3,36.5,4.7,14.5,4.53,30.5,0,35.5,26.2,30.8,28.5,27.9,28.1,2.3,1.3,232,54,7.4,14.5,9.9,9.1,.61,-.4
2013,161,6,42.5,21.7,33.2,31.6,4.4,13.3,4.79,30.64,0,36.6,27.4,31.9,29.1,28.5,28.8,2.5,1.3,208,56,7.5,14.9,10.1,9.6,.59,-.8
2013,162,6,42.4,19.5,32.7,33.6,6.7,14.2,4.63,29.49,0,36.8,28,32.5,29.5,29.1,29.3,2,1.1,226,54,7.5,14.1,9.4,8.6,.64,.5
2013,163,6,43.5,24.2,34.5,40.1,6.7,14.7,5.01,29.88,0,37.2,28.9,33,29.9,29.5,29.7,2.7,1.4,238,57,7.1,15.8,10.3,10,.74,2.5
2013,164,6,41.2,23.4,33.8,36.3,11.6,19.9,4.4,28.6,0,34.2,29.5,31.9,30.8,29.9,30.3,2.9,1.6,249,54,8.2,15.5,9.8,9.7,1.01,7
2013,165,6,40.6,23.8,32.7,44.7,9.7,21.9,4.17,29.44,0,30.8,25.6,28.1,30.9,29.6,30.3,2.2,1,236,60,6.3,15.5,9.2,8.7,.97,6.3
2013,166,6,41.5,22.9,33.3,48.9,8.9,17.5,4.51,27.19,0,33.4,24.5,28.7,29.7,28.7,29.1,2.3,1.3,231,54,9.3,15.3,9.1,8.7,.81,3.7
2013,167,6,41.5,21,32.9,45,6.5,14.6,4.6,30.05,0,35.7,26.7,31.1,29.4,29,29.1,2.3,1.4,249,52,7.8,14.6,9.9,9,.64,.5
2013,168,6,41.2,21.9,32.8,28.9,5.6,13.1,4.61,30.79,0,36.8,28,32.3,29.9,29.4,29.6,2,.8,204,62,6.5,14.9,9.7,8.6,.59,-.5
2013,169,6,41.8,20.7,32.2,35.6,3.8,11.9,4.59,31.19,0,37,28.4,32.6,30.3,29.9,30.1,2,1.2,196,51,6.9,14.4,9.8,8.7,.5,-2.9
2013,170,6,41,19.4,31.7,27.9,5,11.2,4.49,31.32,0,36.8,28.1,32.5,30.5,30,30.3,2.3,1.3,188,52,6,13.9,10,9.1,.48,-3.4
2013,171,6,41.2,22,31.6,28.8,5.7,14.2,4.31,30.94,0,37.2,28.6,32.8,30.6,30.2,30.4,2.4,1.3,178,55,7.4,15,9.8,9.3,.6,-.4
2013,172,6,41.1,20.7,31.2,33.7,5,14.3,4.28,29.1,0,36.4,28.6,32.5,30.7,30.3,30.5,2.4,1.6,175,46,7.1,14.4,9.4,9.1,.57,-1.1
2013,173,6,40.5,22.3,31.3,37.6,6.3,13.8,4.25,28.99,0,36.3,28.4,32.2,30.7,30.2,30.5,2.3,1.2,182,56,8,15,9.3,8.8,.58,-.9
2013,174,6,40.8,22.1,31.2,29.9,4.9,12.6,4.26,31.52,0,35.9,28.4,32.2,30.7,30.2,30.5,3.5,3.2,172,24,9.6,14.9,11.3,11,.53,-2.1
2013,175,6,39.2,19.7,31.1,28.3,7.8,14,4.12,29.41,0,35.8,28.2,32,30.6,30.2,30.4,3.1,1.7,200,54,8,13.9,10.2,9.8,.6,-.3
2013,176,6,40.4,20.2,30.7,29.8,6,17,3.99,30.48,0,37,28.3,32.6,30.6,30.2,30.4,2.1,1.1,162,56,6.3,14.2,9.2,8.6,.68,1.4
2013,177,6,41,20.7,31.6,31.5,6.3,14.2,4.31,30.74,0,37.2,28.7,33,30.8,30.4,30.6,2.2,1.1,181,56,8.4,14.5,9.6,8.8,.61,-.2
2013,178,6,42.6,22.1,32.9,42,5.9,19.4,4.43,28.9,0,33.5,28,31,31,30.7,30.8,2.4,1.3,233,56,7.5,15,9.5,9.3,.86,4.7
2013,179,6,45.2,25.2,35.7,42.4,8.6,21.2,4.96,27.61,0,31.5,25.4,28.4,30.7,29.6,30.1,1.7,.6,158,65,5.4,16.2,8.7,8.2,1.15,8.9
2013,180,6,46.1,25.5,37.2,50.7,7.8,18.9,5.62,26.44,0,34.2,25.6,29.7,29.7,29.1,29.4,2.5,1.6,210,48,7.5,16.3,9.6,9.6,1.09,8.1
2013,181,6,44.8,27.2,37.1,54.2,10.2,23.5,5.21,25.28,0,36.9,29.3,32.9,30.3,29.4,29.8,3.2,2,224,50,16,16.8,9.6,10.3,1.35,11.1
2013,182,6,43.8,27.1,36.2,53.6,12.2,26.7,4.76,26.51,0,38.2,30.9,34.4,31.1,30.3,30.6,2.3,.9,240,62,6.9,16.7,8.7,8.8,1.47,12.4
2013,183,6,41.2,27.1,34.7,60.3,16.5,30.5,4.05,25.95,0,38.7,32.1,35.3,31.7,31.1,31.4,3.4,1.5,150,61,13.4,16.7,8.8,9.8,1.6,13.8
2013,184,6,43.6,25.1,35.2,54.7,10.7,26.1,4.6,26.73,0,38.8,31.8,35.2,32.1,31.7,31.9,2.6,.7,218,70,10.2,16.1,9.1,9.3,1.34,11.2
2013,185,6,42.3,28,35.7,40.2,14.4,25.1,4.58,27.57,0,38.7,32.2,35.4,32.3,32,32.2,3.4,1.9,238,53,8.7,16.9,9.9,10.3,1.41,12
2013,186,6,41.1,27.8,33.9,49,18.7,33.5,3.68,21.42,0,38.2,32.5,35.1,32.5,32.2,32.4,2.3,1.3,145,53,8.8,16.8,7,7.7,1.72,15
2013,187,6,42.7,25.9,35,61.9,15.4,33.5,4.08,27.11,0,39.4,32.3,35.8,32.7,32.3,32.5,2,.5,217,70,9.1,16.4,8.5,8.2,1.73,15.1
2013,188,6,44.4,26.9,35.7,57.6,12.8,31.6,4.39,24.56,0,39.6,33,36.2,32.9,32.6,32.8,1.8,.5,188,68,7.8,16.7,7.6,7.8,1.68,14.6
2013,189,6,44.6,27.5,36.9,50.9,11.7,26,4.95,27.61,0,40.3,33.4,36.7,33.3,32.9,33.1,2.6,.9,174,65,11.1,16.9,9.5,9.6,1.5,12.8
2013,190,6,40.2,29.9,34.7,56.9,21.5,35,3.71,24.35,0,38.8,33.9,36.3,33.5,33.2,33.4,3.6,2.6,250,41,8.7,17.2,8.8,9.5,1.9,16.6
2013,191,6,39.5,27.1,33.5,64.6,23.1,39.2,3.33,26.85,0,39.2,33.4,36.3,33.5,33.2,33.4,3.3,2.3,226,43,11.5,16.6,8.8,9.1,1.95,17
2013,192,6,36,25.9,31.2,77.8,31.9,50.7,2.36,19.57,0,36.3,31.5,34,33.6,33.3,33.5,2.3,1.2,228,55,6.6,16.1,5.7,6.2,2.24,19.3
2013,193,6,36,26.7,30.9,69,30.6,45.5,2.5,16.75,0,31.5,28.3,29.8,33.3,31.9,32.6,2.2,.9,175,62,8.9,16.4,4.9,5.9,2,17.4
2013,194,6,40.2,23.1,32.7,78.7,21.4,42.1,3.21,22.18,0,32.1,27.3,29.7,31.9,30.9,31.3,1.3,.5,261,64,6.1,15.3,6.2,6.1,1.92,16.7
2013,195,6,42.3,29,36.1,49.6,16.9,29.4,4.43,27.14,0,36.5,27.9,32,31.1,30.7,30.9,2.9,1.8,260,49,10.8,17.1,9.4,9.5,1.68,14.7
2013,196,6,42.5,26.7,34.2,66.2,17.7,35.8,3.67,23.74,0,38.6,30.9,34.3,32,31.1,31.5,2.3,.8,218,66,12.4,16.6,7.8,8.1,1.84,16.1
2013,197,6,36.7,25.2,30.2,81.4,29,55.7,2.08,20.23,1.02,35.4,30.6,33,32.2,31.8,32,3.5,3.1,82,28,12.9,15.8,6.2,7.2,2.31,19.7
2013,198,6,39.8,25.3,32.2,85,19.9,47.2,2.87,26,0,38.1,30.6,34,32,31.7,31.9,2,.6,11,68,9.9,16,7.5,7.5,2.07,17.7
2013,199,6,39.8,27.9,33.7,47.1,18.1,31.7,3.7,26.78,0,34.6,29.8,32.6,32.3,32,32.2,3.5,3.2,84,24,11.5,16.9,9.2,9.7,1.6,14
2013,200,6,39,24.8,31.9,87.9,22.9,49.6,2.68,23.59,.76,32.3,28.1,30,32.1,31.1,31.6,2.8,.4,130,74,10.5,15.8,7.1,7.7,2.17,18.6
2013,201,6,38.2,25,30.8,90.6,28.4,55.9,2.17,25.44,4.83,35.7,27.7,31.1,31.2,30.6,30.9,2.7,.4,223,75,14.3,15.9,7.2,7.6,2.36,20.1
2013,202,6,30.2,24.4,27.1,95.6,58.4,78.9,.79,17.03,.25,31.1,28.8,29.9,31.1,30.7,31,2.3,1,354,61,7.4,14.5,3.8,4.1,2.81,23
2013,203,6,34,24.3,28.5,92,43.9,69.4,1.27,14.91,0,32,27.5,29.6,30.8,30.2,30.4,1.6,.7,179,61,7.8,15.3,3.4,4.2,2.64,22
2013,204,6,38.3,24.3,32.1,82.3,23.1,44,2.97,26.98,0,36.3,27.4,31.6,30.5,30,30.2,2.2,1.6,239,45,6.8,15.7,7.9,7.6,1.94,16.9
2013,205,6,40.7,29.2,34.5,52.8,20.8,35,3.7,25.66,0,38.1,30.5,34.1,31.4,30.5,30.9,2.6,1.5,212,52,9.3,17.1,8.2,8.6,1.85,16.2
2013,206,6,38.9,26.1,31.6,80.4,27,50.5,2.42,23.82,.76,35.8,30.8,33.2,32.1,31.4,31.8,2.8,1.9,150,46,9.4,16.3,7.2,7.7,2.29,19.6
2013,207,6,39,28,32.6,75,28.4,49.8,2.63,21.63,0,33.2,29,30.8,32.1,31.3,31.7,2.7,2.1,141,40,8.4,16.9,6.6,7.4,2.36,20.1
2013,208,6,39.9,26.3,33.3,74,23.5,45.1,3.08,24.16,0,35.5,28,31.5,31.4,30.8,31.1,2,.4,130,72,7.2,16.4,7,7.1,2.18,18.7
2013,209,6,41.8,25.7,34.2,61.9,13.3,29.7,4.08,25.43,0,38.1,29.6,33.6,31.7,31.1,31.3,2.1,1.3,182,50,6.9,16.3,8.1,8,1.46,12.3
2013,210,6,40.8,23.2,33.5,60.1,12.7,24.1,4.2,27.8,0,38.2,30.3,34.2,32.1,31.6,31.9,2.5,1.6,177,49,7.2,15.3,9,8.7,1.16,9.1
2013,211,6,41,23.7,33.8,59.4,14.4,27.4,4.07,27.47,0,39.8,31,35.3,32.6,32.1,32.2,1.7,.2,151,75,5.5,15.5,8.2,7.4,1.37,11.6
2013,212,6,42.8,27.6,35.8,46.3,12.7,23.5,4.7,19.49,0,38.3,32.7,35.3,32.9,32.5,32.7,2,.7,241,65,7.2,16.9,6.7,7.3,1.31,10.9
2013,213,6,40.8,28.1,34,60.3,18.1,34.5,3.6,21.37,0,35.7,30.1,33.6,33.1,32.8,33,2.8,2.2,122,38,12.2,16.9,7.4,8.2,1.79,15.7
2013,214,6,39,28,33.2,53.4,18.8,34.9,3.4,18.19,0,31.2,27.9,29.3,33.1,31.6,32.3,2.9,2.5,136,31,8.8,16.9,6.4,7.6,1.74,15.2
2013,215,6,41,25.2,33.6,60.9,12.8,31.4,3.89,25.34,0,35.5,26.3,30.5,31.6,30.7,31.1,1.8,1.5,158,36,6.1,16,7.8,7.4,1.51,12.8
2013,216,6,39.8,25.9,32.5,46.6,11.7,26.5,3.76,18.31,0,35.3,29.5,32,31.4,31,31.2,2,1.4,149,44,5.7,16.2,6,6.8,1.24,9.9
2013,217,6,36.9,25.2,31.5,48.2,14.8,31.9,3.21,14.89,0,34.1,29.2,31.6,31.5,31.2,31.4,2.9,1.3,166,61,8.1,15.9,5.5,6.9,1.48,12.5
2013,218,6,30.6,22.3,25.9,91.5,37.7,70,1.06,10.04,2.54,32,28.5,29.8,31.4,30.8,31.2,2.6,2,147,39,8,13.6,2.6,3.7,2.3,19.7
2013,219,6,38.3,21.1,29.5,90.8,13.7,50.1,2.5,26.74,0,36.1,26.7,31,30.8,30.2,30.5,1.4,.3,193,72,5.2,14.4,7,6.5,1.82,15.5
2013,220,6,40.5,20.4,31,71.1,8.7,28.5,3.65,27.76,0,33.8,28.4,30.9,30.9,30.6,30.8,1.7,.9,170,54,6.5,14.3,8.1,7.3,1.1,7.8
2013,221,6,41.9,20.8,31.9,63.4,9.4,22.8,4.06,26.53,0,31,24.7,27.8,30.9,30,30.5,2.1,1.4,184,48,8.4,14.6,8.4,8.1,.95,5.9
2013,222,6,40.7,23.3,31.5,51.6,8.2,19.7,4,26.53,0,33.6,24.1,28.6,30,29.3,29.6,2.3,1.8,164,38,6.9,15.4,8.6,8.2,.83,4.2
2013,223,6,40.6,19.3,31.3,61.6,10.7,22.8,3.88,26.73,0,36.3,26.5,31.2,30.2,29.6,29.8,1.5,.5,188,67,7,13.8,7.8,6.9,.97,6.4
2013,224,6,42.1,20.7,32.4,63.6,7.8,23,4.17,26.7,0,37.3,28.4,32.7,30.8,30.2,30.5,1.6,.7,230,61,6.3,14.5,8.2,7.3,.98,6.1
2013,225,6,41.5,20.7,32.2,48.5,6.1,18,4.29,27.38,0,37.5,29.1,33.2,31.3,30.8,31,1.7,.2,258,77,5.5,14.5,8.4,7.4,.78,3.3
2013,226,6,41.9,23.6,34,51.5,10.9,23,4.4,24.54,0,38.1,30.4,34.1,31.8,31.3,31.5,2.1,.3,187,76,9,15.6,8,7.8,1.13,8.6
2013,227,6,41.9,26.7,34.3,52.9,15,32.6,3.87,23.93,0,35.6,31.5,33.4,32.3,31.7,32,1.7,.6,111,66,8.4,16.6,7.2,7,1.67,14.7
2013,228,6,43.8,25.4,35.1,64.3,10.9,30.7,4.36,25.67,0,33.5,28.5,31,32.3,31.6,32,1.8,.8,173,59,9,16.2,8,7.6,1.56,13.5
2013,229,6,43.5,25.9,35,67.3,12.7,32.3,4.11,25.49,0,36.5,27.9,31.8,31.6,31,31.3,1.9,.7,66,64,11.8,16.3,7.9,7.7,1.7,14.9
2013,230,6,42.7,24.9,33.5,71.6,14,37.4,3.55,22.39,0,38.1,30.1,33.6,31.9,31.4,31.6,2.5,.5,137,73,10.7,16.1,7.3,7.9,1.78,15.5
2013,231,6,42.5,26.2,34.8,62.8,13.4,30.7,4.21,24.68,0,38.9,31.2,34.8,32.4,31.9,32.1,1.5,.4,246,68,6,16.4,7.5,6.9,1.56,13.3
2013,232,6,42.5,26.9,34.5,51,13.2,29.1,4.11,23.92,0,39.3,31.8,35.3,32.9,32.4,32.6,2.8,1.5,165,54,13,16.6,8.1,8.7,1.51,13
2013,233,6,38.3,26.2,31.1,63.4,21.1,42.8,2.69,11.49,0,35.3,32.3,33.8,33,32.7,32.9,1.4,.6,48,63,5.7,16.3,3.5,4.5,1.88,16.5
2013,234,6,39.4,25.5,32.4,71.3,20,37.6,3.26,19.06,0,33.7,29,31.8,32.8,32.2,32.5,1.8,1.2,259,47,7.4,16.1,6,6.2,1.72,15
2013,235,6,39.1,23.8,31.2,71.8,17.5,41.8,2.91,18.11,0,30.7,27,28.7,32.3,31,31.6,2,.2,178,77,7.9,15.5,5.5,6.1,1.79,15.6
2013,236,6,36.5,25.8,30.8,61.3,25.8,43.5,2.61,20.26,0,32.8,26.2,29.1,31.1,30.3,30.6,2.7,.8,171,68,9.9,16,6.4,6.8,1.88,16.4
2013,237,6,31.2,24.7,28.3,83,46.5,59.2,1.6,11.72,0,30.5,28.2,29.4,30.6,30.4,30.5,3,2,307,48,9.1,15,3.7,4.5,2.25,19.4
2013,238,6,38.2,23.8,28.9,84.5,28.8,58.9,1.83,16.11,.76,34.1,27.6,30.3,30.4,30.1,30.3,1.7,.3,291,74,13.9,15.4,4.2,5.1,2.26,19.4
2013,239,6,41,23.4,30.9,88.5,18.1,53.1,2.56,23.57,0,36.1,28.1,31.7,30.7,30.3,30.5,2,1.1,180,54,8.9,15.5,6.7,6.9,2.13,18.3
2013,240,6,40.1,23.4,31.3,81.9,21.5,49.1,2.65,23.19,2.29,36.8,29.7,32.8,31.3,30.7,31,2.3,1.6,163,46,9.3,15.4,7,7.1,2.1,18.1
2013,241,6,35.2,23.5,28.8,90.2,35.6,63.7,1.58,20.35,0,32.9,29,30.7,31.4,31,31.2,2.3,1.7,188,41,8.8,15,5.6,5.6,2.45,20.7
2013,242,6,37.1,24.5,29.4,93.6,30.1,63.6,1.72,19.14,2.03,32.3,27.8,29.7,31.1,30.5,30.7,1.6,.3,326,74,15.6,15.6,5,5.2,2.48,20.8
2013,243,6,36.9,24,29.7,96,28.6,64.8,1.72,21.92,.25,32.8,27.5,29.8,30.6,30.1,30.3,1.2,.8,9,47,5.4,15.4,5.6,5.2,2.56,21.4
2013,244,6,39.4,23.2,31.6,84.8,24.5,49.8,2.6,23.16,0,35.7,27.3,31.1,30.5,30,30.2,1.1,.4,28,67,4.6,15.3,6.4,5.6,2.18,18.8
2013,245,6,36.5,25.2,30.2,80.2,30.2,56,2.01,16.65,3.3,32.6,29.2,31,30.8,30.5,30.7,1.7,.9,172,57,10.6,15.8,4.6,5,2.36,20
2013,246,6,41,22.8,31.9,91.5,18.3,50.3,2.8,23.59,0,37.2,27.9,32,30.9,30.4,30.6,1.6,.9,122,55,7.3,15.2,6.7,6.4,2.15,18.5
2013,247,6,42.1,24.4,33.1,76.7,14.2,39.7,3.39,23.34,0,38,30.1,33.8,31.6,30.9,31.2,1.7,.7,153,63,7.3,15.8,7,6.7,1.84,16
2013,248,6,42.4,22.4,33.4,77.4,11.7,36.8,3.68,23.41,0,34,30.1,32.3,31.9,31.6,31.8,1.7,1,148,51,12.6,15.1,7.1,6.7,1.7,14.7
2013,249,6,41.5,24.5,32.3,71.9,15.1,37.3,3.26,20.06,0,32.3,27.4,29.5,31.8,31,31.4,2.4,1.6,175,47,9.9,15.8,6.8,7.2,1.72,15
2013,250,6,34.2,25.5,29.4,72.1,30.6,48.5,2.18,11.99,0,31.1,26.7,28.7,31,30.2,30.5,2.1,.4,270,74,7.4,15.8,3.7,4.7,1.94,17
2013,251,6,29.6,22.1,26,95.8,54,73.9,.92,12.62,7.11,30.2,27.3,28.6,30.3,29.9,30.1,1.6,1,79,50,8.4,13.1,2.9,3.2,2.46,20.7
2013,252,6,27.8,20.4,24,98.7,63.9,87.6,.39,11.04,22.86,29,26.4,27.4,30,29.3,29.6,1.5,.6,67,63,9.3,11.3,2.1,2.4,2.61,21.8
2013,253,6,31.3,20.3,25.2,96.9,33.9,71,1.05,20.37,0,28.4,25,26.5,29.3,28.7,29,2.1,1.3,219,49,8.5,12.9,5,4.7,2.2,19
2013,254,6,33.7,19.1,26.5,97.7,29.6,63.7,1.5,22.61,0,30.8,23.9,27.1,28.8,28.2,28.5,.9,.4,354,62,3.9,12.8,5.3,4.6,2.06,17.9
2013,255,6,36.1,20.2,27.8,86.5,20.7,51.8,2.08,23.03,0,33.1,24.8,28.6,28.8,28.4,28.5,1.5,.9,339,49,5.2,13.7,6,5.5,1.8,15.7
2013,256,6,38,19.2,28.9,88.1,25,53.4,2.18,22.25,0,35,26.2,30.3,29.4,28.8,29,.9,.1,346,74,4.4,13.5,5.6,4.8,1.98,17.3
2013,257,6,39.2,23.4,30.6,78.7,18,49.3,2.5,22.45,0,36.4,28.1,32,30.1,29.4,29.7,1.4,.8,27,50,4.6,15.3,6,5.6,2.03,17.6
2013,258,6,40.1,20.8,30.4,82.6,13,45.6,2.75,22.54,0,36.9,28.7,32.5,30.6,30.1,30.3,.8,.5,23,50,3.4,14.4,5.9,5,1.8,15.7
2013,259,6,40.4,24,31.8,70.9,18.7,41.8,2.95,21.69,0,36.9,29.5,32.9,31,30.6,30.8,1.8,1.3,48,41,6.6,15.6,6.4,6.2,1.9,16.6
2013,260,6,40.3,27.1,33,53.8,17.8,36.6,3.36,21.03,0,37.3,30.4,33.5,31.5,31,31.2,2.2,1.2,98,53,6.7,16.7,6.7,6.7,1.77,15.4
2013,261,6,39,22.8,31.5,55.9,7.6,23.7,3.8,22.31,0,35.5,29.8,32.6,31.6,31.3,31.5,2.9,2.4,174,35,9.8,15.1,8.3,7.9,1,6.6
2013,262,6,38.2,18.2,28.2,66.9,9.4,30.7,2.99,22.7,0,32.6,27.5,30.3,31.5,30.9,31.2,1.1,.3,181,70,4.6,13.1,6.1,5,1.05,7.5
2013,263,6,39.2,17.4,28.6,68.4,11.2,31.6,3.04,21.76,0,30.5,24.1,27.3,30.9,29.8,30.3,1.1,.3,244,70,4.8,12.9,6,5.1,1.14,8.8
2013,264,6,38.2,20.1,30.2,68.6,16.4,34.1,3.07,21.39,0,31.9,24.1,27.8,29.8,29,29.4,1.4,.6,175,61,5.1,13.9,6.1,5.3,1.38,11.7
2013,265,6,31.9,17.4,26.6,71.8,14.2,32.3,2.46,20.98,0,30.8,26.1,28.3,29.4,29.2,29.3,2.8,2.2,260,40,10.6,11.6,7,6.1,1.09,7.3
2013,266,6,33.6,11.6,22.6,76.1,9.7,33,2.15,22.54,0,31.6,23.2,27.2,29.4,28.6,29,.9,.4,166,59,3.3,9.3,5.5,4.2,.8,3.5
2013,267,6,36.7,12.4,24.2,73.2,11.4,32.8,2.41,21.82,0,32,23.6,27.6,28.9,28.4,28.7,1,0,74,79,4.2,10.3,5.5,4.6,.87,5
2013,268,6,35.4,16.4,26.7,62,9.6,26.7,2.83,21.93,0,31.8,24.6,28,28.8,28.4,28.6,2.5,1.8,181,41,8.7,11.9,6.8,6.5,.85,4.4
2013,269,6,35.8,18.9,27,31.2,12.8,20.9,2.96,21.13,0,28.3,22.5,26,28.8,28.1,28.5,4.5,3.6,196,36,14.3,13.1,8.7,9.1,.74,2.3
2013,270,6,29.2,14,22.5,47.5,7.9,20.5,2.28,20.65,0,24.2,19.8,21.9,28.1,26.6,27.3,1.8,1.4,259,40,6.3,8.8,5.9,5,.53,-2.1
2013,271,6,32.1,8.5,20.9,80.1,10.2,34,1.96,21.87,0,26.7,18,22,26.6,25.6,26,.9,0,76,79,3.7,8.1,5.2,3.9,.73,2.2
2013,272,6,34.4,12,22.4,74.9,11.6,37.5,2.03,21.35,0,28.8,20,24.1,25.9,25.5,25.7,1,.2,122,74,5.2,9.7,5.2,4.2,.9,5.4
2013,273,6,34.2,12.6,23.2,64,10.3,34.5,2.19,21.51,0,29.6,21.3,25.2,26.2,25.9,26,1,.4,150,61,4.3,9.8,5.3,4.3,.87,4.9
2013,274,6,35.2,11.2,23.5,71.1,12.1,34.5,2.23,21,0,29.8,21.7,25.5,26.4,26,26.2,1.1,.2,328,73,4.2,9.6,5.3,4.3,.9,5.3
2013,275,6,34.3,14.5,24.1,75.1,14,39.4,2.13,20.46,0,29.9,22.8,26.2,26.5,26.3,26.4,1.4,.6,160,60,5.4,10.7,5.4,4.6,1.07,7.9
2013,276,6,34,16.2,24.9,69.8,12.4,34.1,2.35,20.67,0,28.2,23,25.4,26.7,26.2,26.5,2,1.1,185,55,5.8,11.5,5.8,5.4,.95,6.1
2013,277,6,30.9,14.5,22.5,73,9,32.4,2.03,20.06,0,25,20.1,22.3,26.5,25.6,26.1,1.9,1.1,268,53,6.5,9.8,5.6,5,.79,2.5
2013,278,6,27.8,10.1,19.7,60.3,7.2,22.9,1.94,21.03,0,23,17.1,19.9,25.6,24.4,24.9,2.3,1.9,343,33,6.9,6.6,6.1,5.1,.47,-3.6
2013,279,6,33.3,10.6,21.3,55.3,8.2,24.9,2.18,20.66,0,25.6,17.2,21.1,24.4,23.8,24.1,1.6,1.3,9,36,5,8.9,5.7,4.8,.56,-1.2
2013,280,6,34.5,8,21.8,74.1,8.2,31.4,2.19,17.87,0,26.2,18.6,22.4,24.2,23.9,24,.9,.1,294,78,3.5,8.5,4.4,3.6,.69,1.6
2013,281,6,34,12.1,23.7,61.3,9.6,24.1,2.48,19.77,0,27.2,20.1,23.5,24.5,24.1,24.3,2.1,1.5,186,46,9.3,9.6,6.1,5.6,.64,.6
2013,282,6,30.6,16.4,22.8,65.6,14.2,29.5,2.09,19.26,0,25.7,20.7,23.2,24.6,24.4,24.5,4.2,3.5,189,31,14.5,10.7,7.2,7.1,.78,3.1
2013,283,6,22.5,10,17.1,76.3,23.1,47.4,1.08,17.38,0,25.3,20.9,22.8,24.6,24.3,24.5,2,1.4,263,44,6.5,4,4,3.5,.89,5.2
2013,284,6,25.6,7.2,15.3,81.5,20.1,51.5,1.03,19.42,0,25.2,18.5,21.7,24.4,23.8,24.1,.9,.2,31,70,4.6,5,3.9,3,.82,4.1
2013,285,6,29.9,6.7,17.7,80.3,16.6,44,1.41,19.13,0,25.6,18.4,21.8,24,23.5,23.8,.9,.2,330,74,3.6,6.9,4.2,3.3,.8,3.8
2013,286,6,30.6,9.8,20.6,74.2,13.7,34.8,1.82,19.03,0,25.5,19.2,22.2,23.8,23.5,23.7,2,1.3,193,50,7.6,7.9,5.3,4.7,.76,3.1
2013,287,6,28.4,10.6,19.1,77.7,14.1,43,1.46,18.87,0,26.2,19.6,22.6,23.8,23.5,23.7,1.2,.3,185,70,4.8,7.1,4.3,3.5,.88,5
2013,288,6,28.2,7.7,17.8,78.8,12.2,36,1.53,18.87,0,25.3,18.9,21.9,23.9,23.5,23.7,1.3,.7,245,56,6.7,6.3,4.6,3.6,.65,.7
2013,289,6,27.5,6.7,16.7,68.1,11.5,34.3,1.45,18.89,0,24.9,18.2,21.4,23.7,23.2,23.4,1.2,.4,182,64,4,5.8,4.3,3.4,.59,-.6
2013,290,6,27.8,5.9,17,71.5,12.3,34.2,1.49,18.65,0,24.6,18,21.3,23.4,22.7,23.1,1.2,.7,170,55,3.7,5.8,4.3,3.5,.6,-.5
2013,291,6,28.8,5.8,17.1,72,11.3,35.1,1.51,18.47,0,22.3,16.1,19.1,23.1,22.4,22.7,1,.3,170,66,4.1,6.3,4.1,3.2,.61,-.1
2013,292,6,29.8,5.6,17.2,78.3,8.8,36,1.59,18.51,0,21.6,15.2,18.3,22.4,21.7,22,1,.3,160,69,4,6.7,4.3,3.3,.6,-.5
2013,293,6,30.4,5.9,17.8,68,8.5,28.4,1.71,18.35,0,20.9,14.6,17.7,21.8,21.2,21.5,1.3,.5,214,65,5.2,7,4.5,3.7,.51,-2.4
2013,294,6,30.6,5.8,17.7,66.8,9.1,32.1,1.65,17.97,0,22.3,14.6,18.1,21.3,20.8,21.1,.9,.1,277,76,4.2,7,4.1,3,.58,-1
2013,295,6,32.3,5.8,18.6,73.8,9.9,34,1.8,17.94,0,23,15.5,19.1,21.2,20.9,21,1,.5,360,57,3.5,7.6,4.3,3.4,.62,0
2013,296,6,34.1,8.1,20.1,73.8,8.8,34.4,1.97,17.34,0,24,16.5,20,21.4,21.1,21.2,.8,.4,197,58,3.3,8.5,4.2,3.1,.68,1.5
2013,297,6,33.3,11.1,21.3,72.4,9.1,28.3,2.09,16.97,0,24.7,18.1,21.1,21.8,21.4,21.5,1.4,.3,215,70,7.1,9,4.7,3.9,.64,.4
2013,298,6,30.7,8.3,19.3,77.2,11.5,32.3,1.75,17.49,0,24.6,18,21.1,22,21.7,21.9,1,.2,186,72,3.9,7.6,4.2,3.2,.66,1
2013,299,6,30.9,7.8,18.9,78,14,37.8,1.66,16.42,0,24.4,17.8,20.9,22.1,21.8,22,.9,.4,210,62,3.1,7.6,3.8,2.9,.73,2.5
2013,300,6,31.7,8.5,19.8,75.8,11.9,35.9,1.8,16.87,0,24.6,18.2,21.2,22.1,21.9,22,1.2,.7,211,54,5,8,4.3,3.4,.71,2.1
2013,301,6,28.9,16.2,22.1,46,15.4,31.1,1.93,12.8,0,23.2,19.2,21.2,22.2,22,22.1,4.1,3.7,183,26,9.9,9.8,5.3,6,.81,3.8
2013,302,6,22.8,10.3,17.2,72.4,28.1,46.6,1.12,14.92,0,23.1,18.9,20.9,22.2,22,22.1,2.3,1.7,252,41,8.3,4.2,3.8,3.3,.89,5.2
2013,303,6,22.8,6.4,14.3,78,20.9,47.4,1,16.51,0,22.7,16.9,19.6,22.1,21.6,21.8,1.1,.5,227,58,4.6,3.6,3.4,2.5,.72,2.1
2013,304,6,23.9,3.6,13.4,76.5,14.4,42.7,1.04,16.59,0,22,15.9,18.8,21.7,21.1,21.4,1.1,.4,194,63,4.3,3.8,3.4,2.6,.6,-.2
2013,305,6,25.5,3.4,13.8,77.5,14.9,42.2,1.12,16.39,0,22,15.5,18.5,21.3,20.8,21,.9,.2,332,73,3,4.4,3.4,2.5,.6,-.3
2013,306,6,30.5,3.3,17.3,77.9,8.6,34.5,1.7,16.21,0,22.1,15.4,18.7,21,20.5,20.8,1.2,.6,195,55,5.8,6.5,4,3.2,.55,-1.6
2013,307,6,28.4,10.3,18.5,64.3,12.9,34,1.59,15.59,0,23.4,17.6,20.2,21,20.7,20.8,1.2,.4,219,67,4.6,6.9,3.8,3,.67,1.1
2013,308,6,27.3,6.5,17.6,84.7,22.4,44.3,1.27,15.18,.51,22.8,16.9,19.7,21.1,20.8,21,1.7,.4,225,72,5.9,5.6,3.7,3.2,.87,4.4
2013,309,6,23.4,8.3,15,95.9,29.2,66.5,.7,15.35,0,22.4,17,19.6,21.1,20.9,21,1,.4,319,60,3.9,4.1,2.8,2.2,1.08,7.9
2013,310,6,24.3,4.2,13.2,84.5,8.1,39.7,1.15,16.23,0,21.1,15.6,18.2,21,20.5,20.8,1.2,.9,4,44,4.7,3.9,3.6,2.7,.49,-3.5
2013,311,6,28.2,1.9,14.9,76.2,8.2,33,1.5,15.94,0,20.6,14.3,17.4,20.6,20,20.3,1.8,1.2,48,47,8.6,5.4,4.5,3.7,.45,-4.4
2013,312,6,28.9,5,15.4,68.1,14.2,38.6,1.32,13.91,0,21.2,15,17.9,20.1,19.8,20,.7,.1,122,73,3.3,6.1,2.9,2.2,.62,0
2013,313,6,29.4,5.2,16.1,74.9,15.4,44,1.27,14.89,0,21.9,15.4,18.4,20,19.7,19.9,.8,.3,2,62,3.3,6.4,3.1,2.4,.74,2.6
2013,314,6,27.5,7.7,16.6,69.5,18.1,42.2,1.29,11.84,0,21.2,15.9,18.5,20.1,19.8,20,.9,.1,332,76,3.1,6,2.6,2.3,.74,2.7
2013,315,6,30.6,7.2,18,75.1,15.4,41.2,1.5,14.45,0,22.4,15.9,18.9,20.1,19.8,20,.8,.3,320,65,3.9,7.3,3.2,2.4,.77,3.3
2013,316,6,32.5,8.8,21.2,68.7,13,35.3,2,13.84,0,22.4,16.5,19.5,20.2,20,20.1,2.3,1.8,62,35,8.4,8.2,4.5,4.5,.78,3.3
2013,317,6,27.8,13.5,22,64.6,25.5,36.1,1.76,14.02,0,23.2,19.5,21,20.8,20.2,20.5,4.1,3.8,70,21,10.1,7.9,5.2,5.2,.93,5.8
2013,318,6,28.3,8.7,17.6,76.6,24.7,50.6,1.18,14.04,0,23,17.4,20,20.9,20.6,20.8,.9,.3,105,64,5,6.5,3,2.3,.95,6.3
2013,319,6,28.9,11.8,20.5,73.2,19.2,44.2,1.48,9.55,0,21.7,18.1,19.7,20.9,20.6,20.7,3.1,2.7,189,32,9.1,7.6,3.6,4.3,1.02,7.1
2013,320,6,23.2,11.2,17.1,85.8,30.9,58.7,.88,12.11,0,21.6,17.9,19.5,20.8,20.5,20.7,2.3,1.9,196,32,8.2,4.7,2.8,2.7,1.11,8.4
2013,321,6,24.3,6.9,15.4,92.8,34.3,63.6,.76,13.74,0,21.7,16.3,18.8,20.7,20.2,20.5,1.1,.1,180,78,5.6,4.3,2.6,2.1,1.08,8
2013,322,6,26.5,8.2,16.3,80,29.4,55.7,.99,13.79,0,22.2,16.3,19,20.4,20.1,20.3,.8,0,254,80,3.1,5.6,2.7,2,.98,6.6
2013,323,6,25,7.2,16.5,85.8,31.2,55.3,.98,13.42,0,21.8,16.4,19,20.4,20.1,20.2,1.1,.4,205,66,3.7,4.7,2.7,2.1,.99,6.9
2013,324,6,23.4,11,16.9,69.9,33.8,51.3,1.01,9.8,0,20.9,17.2,18.9,20.3,20.1,20.2,1.7,1,192,52,4.8,4.7,2.3,2.4,.96,6.3
2013,325,6,22.6,10.4,16.1,96.5,38.4,63,.74,7.26,7.87,20.1,17.1,18.5,20.2,20,20.1,1.4,.1,247,80,4.2,4.2,1.4,1.9,1.13,8.5
2013,326,6,14.2,10.4,12.5,99.7,85.6,94.4,.08,2.9,54.1,18.2,15.5,16.8,20.1,19.3,19.8,2.2,.6,264,68,6.3,.4,0,.6,1.37,11.6
2013,327,6,15.1,8.5,11.2,98,64.4,86.1,.2,7.52,12.45,15.8,13.7,14.9,19.3,18.3,18.8,2.6,1.9,74,41,7.4,.6,.9,1.3,1.13,8.8
2013,328,6,16.3,6.1,10.6,96.3,53.6,79.8,.28,8.07,0,15.6,12.5,13.7,18.3,17.6,17.9,1.5,1.2,34,34,5.7,.9,1,1.3,1.01,7
2013,329,6,16.1,3.7,9.5,98.2,47.1,80.8,.29,13.28,0,16.2,10.4,13.1,17.6,17,17.3,.6,.1,343,71,3.4,.8,1.8,1.2,.93,5.9
2013,330,6,20.6,3.3,11.5,99,29.1,70,.55,13.16,0,15.4,10.4,12.8,17.1,16.6,16.9,1.9,1.6,55,35,6.7,2.3,2.6,2.1,.88,5.1
2013,331,6,20,10.4,14.8,56.9,20.8,35.7,1.12,10.03,0,13.7,10.9,12.2,16.7,16.3,16.5,4.2,4,66,17,9.6,3,3.6,4.2,.58,-.7
2013,332,6,23,4.6,12.4,91.5,19.3,55.8,.79,13.2,0,15.6,9.6,12.4,16.3,15.8,16,1.7,1.3,44,40,6.6,3.4,2.8,2.5,.74,2.4
2013,333,6,21.3,3.5,11.7,96.9,36,73.6,.49,12.81,0,16.8,10.3,13.3,16.1,15.8,16,.7,.2,209,71,3.2,2.7,2,1.4,.97,6.4
2013,334,6,19.3,4.8,11.6,97.6,45.7,79.6,.34,9.28,0,15.9,11.1,13.5,16.2,16,16.1,.8,.6,169,39,3,2,1.1,1.2,1.08,7.9
2013,335,6,20.1,5.4,12.3,98.6,41.6,78.2,.4,11.34,0,16.9,11.6,14.1,16.3,16,16.1,.8,.2,215,70,3.3,2.3,1.6,1.3,1.09,8.1
2013,336,6,20.9,2.9,11.2,99.2,34.2,79.7,.37,13.15,0,17.3,11,14,16.4,16,16.2,.6,.1,86,77,3.5,2.4,1.9,1.4,1.03,7.3
2013,337,6,24.9,5,13.7,98.6,21.1,66.6,.71,12.55,0,17.7,11.9,14.5,16.4,16.2,16.3,1.2,.6,170,54,6.9,4.3,2.3,2,.95,6.1
2013,338,6,17.7,8.1,12.6,82.2,34.2,58.9,.62,5.14,0,14.9,12.8,14,16.5,16.4,16.4,2.4,1.5,233,49,7.5,1.6,1.2,2,.86,4.6
2013,339,6,13.2,.7,7.6,83.3,22.5,48.9,.58,12.03,0,14.6,10.5,12.4,16.4,15.8,16.1,1.6,1.3,251,31,6.2,0,2.1,1.6,.48,-3.3
2013,340,6,12.5,-2.7,4.7,92.9,27.1,62.3,.4,12.65,0,13.8,8,10.7,15.9,15.1,15.4,.9,.1,162,76,3.2,0,1.7,1.2,.5,-2.8
2013,341,6,14.7,-3.1,6.3,92.8,25.5,61.5,.47,12.46,0,13.4,7.4,10.2,15.1,14.4,14.8,1.4,.8,160,54,7.6,.3,1.9,1.5,.55,-1.7
2013,342,6,14.3,6.4,10.6,78.9,30.4,50.6,.65,10.9,0,14.6,11,12.3,14.8,14.5,14.6,2.7,2,234,43,7.8,.3,2.3,2.2,.64,.1
2013,343,6,12,-1.2,5.3,67.5,25.2,45,.52,12.68,0,13.3,8.4,10.8,14.8,14.4,14.6,1.5,.7,295,58,5.4,0,2.1,1.6,.39,-6.1
2013,344,6,15.5,-1.4,6.4,72.2,14.6,42,.64,10.27,0,12.6,7.4,9.7,14.5,13.9,14.1,1.2,.9,344,44,4.4,.5,1.8,1.6,.37,-6.9
2013,345,6,20.1,.5,9.6,81.1,15.6,46.5,.79,12.17,0,14,7.8,10.6,13.9,13.6,13.8,1.2,.7,341,54,4,2,2.4,1.9,.5,-2.8
2013,346,6,20.7,4.9,11.8,78.2,24,47.8,.85,11.49,0,15.3,9.8,12.2,14.1,13.8,13.9,1.7,1.1,222,47,6.6,2.5,2.5,2.3,.61,-.1
2013,347,6,18.3,2.5,9.4,76.1,23.9,52.6,.65,12.11,0,15.1,9.6,12.1,14.3,14.1,14.2,1.2,.8,166,49,4.6,1.4,2,1.7,.58,-.7
2013,348,6,18.1,.2,8.2,88,21.6,55.4,.61,12.38,0,14.1,8.7,11.2,14.4,14,14.2,1.5,.7,332,59,6.6,1.3,2.3,1.9,.55,-1.4
2013,349,6,20.2,1.5,10.1,71.7,15.5,43.5,.82,12.33,0,14.6,8.4,11.2,14.2,13.8,14,1.1,.5,324,61,3.9,2.1,2.3,1.8,.5,-2.9
2013,350,6,22.9,1.4,11.1,79.9,17.9,50.7,.84,12.83,0,15.5,8.9,11.9,14.1,13.8,13.9,1,.2,69,74,3.6,3.1,2.4,1.8,.6,-.2
2013,351,6,24,3.1,12.1,80.3,15.5,52.6,.86,11.71,0,15.7,9.8,12.5,14.2,14,14.1,1,.2,193,71,3.4,3.8,2.2,1.8,.68,1.4
2013,352,6,22.5,4.6,11.9,82.4,22.1,59.2,.71,8.49,0,15.2,10.5,12.7,14.4,14.2,14.3,.8,.5,188,54,2.8,3.2,1.4,1.5,.77,3.3
2013,353,6,21.7,6.9,14.6,79.5,20.7,47.7,.96,11.71,0,15.5,10.9,13.2,14.6,14.4,14.4,4,3.5,176,30,10.2,3.1,3.8,3.6,.76,2.9
2013,354,6,14.4,8.5,11,96.8,60.9,85.8,.2,6.28,19.81,14.2,12.1,13.2,14.8,14.6,14.7,3,1.8,163,51,6.7,.4,.7,1.2,1.12,8.6
2013,355,6,14.6,5.3,9.1,97.5,43.6,79.9,.27,9.9,0,13.1,9.7,11.3,14.8,14.3,14.5,2.1,1.2,212,53,8.6,.4,1.3,1.4,.9,5.5
2013,356,6,16.6,1.3,7.7,98.2,47,83.8,.22,12.03,0,13.7,7.6,10.4,14.3,13.6,13.9,.8,.2,292,70,3.6,.8,1.4,1.1,.87,4.9
2013,357,6,18.8,.4,8.4,99.2,26.9,74.5,.41,12.4,0,12.9,7.4,10,13.8,13.3,13.5,1.1,.7,346,49,5.4,1.5,1.9,1.5,.77,3.1
2013,358,6,20.3,1,9.3,95.6,23.4,67.8,.53,12.46,0,13.1,6.9,9.9,13.4,13,13.2,.8,.2,240,70,3.4,2.1,1.9,1.4,.73,2.5
2013,359,6,20.7,1.1,9.7,96.1,14.4,61.3,.67,12.71,0,12.5,7.1,9.7,13.2,12.8,13,1.6,.8,355,56,6.1,2.3,2.5,2.1,.64,.5
2013,360,6,19.7,2.1,10.2,80.8,21.9,53.3,.71,12.49,0,13,7,9.7,13,12.6,12.8,1.6,.8,2,55,5.9,2,2.5,2,.62,.1
2013,361,6,20.7,.9,9.9,89.5,20.5,56,.71,12.46,0,13.5,7,10,12.9,12.6,12.7,1.4,.6,18,62,4.2,2.2,2.3,2,.62,.1
2013,362,6,17.6,-.2,8.7,88,29.9,62.6,.51,9.73,0,12.7,7.4,10.1,12.9,12.6,12.7,.8,.3,217,67,3.1,1.1,1.4,1.2,.67,1.2
2013,363,6,19.1,.5,9.4,95.9,23.3,61.8,.58,12.22,0,13.6,7.7,10.5,12.8,12.6,12.7,1.4,.7,299,60,5.2,1.6,2.1,1.8,.67,1.1
2013,364,6,18.5,1.2,9,84.7,20.9,54.1,.63,12.59,0,13.9,7.7,10.6,12.9,12.6,12.8,1.1,.1,65,79,3.8,1.4,2.1,1.6,.58,-.8
2013,365,6,19.6,-1,8.7,93.2,23.7,60,.61,12.49,0,13.9,7.4,10.4,12.9,12.6,12.8,1,.3,207,67,3,1.7,2,1.5,.61,0
