2017,1,6,13.6,9.3,11.8,92.7,69.2,83.5,.23,7.52,1.78,14.5,12.5,13.6,14.8,14.7,14.8,3.5,2.6,188,43,10.9,.2,1,1.2,1.16,9
2017,2,6,14.9,7.2,10.5,87.7,44.7,71.4,.39,7.89,0,14,10.7,12.3,14.8,14.3,14.5,2.2,1.5,129,44,5.8,.5,1,1.6,.89,5.3
2017,3,6,13.9,3.2,9,97,60.6,81.9,.24,6.96,0,13.3,9.5,11.5,14.4,13.9,14.2,1,.1,349,78,3.3,.2,.6,.9,.93,5.8
2017,4,6,20.4,3,11,97.8,31.4,73.2,.46,12.58,0,15.9,9.5,12.4,14,13.8,13.9,.9,.3,76,68,3.6,2.3,1.8,1.5,.92,5.7
2017,5,6,20.9,4,12.3,95.5,39.8,71,.53,12.59,0,16.5,10.1,13,14.1,13.9,14,1.5,.8,253,54,7.1,2.5,2.2,1.8,.98,6.6
2017,6,6,18.2,4.8,13.4,87.2,27.6,59,.68,13.01,0,16.9,12.3,14,14.6,14.1,14.3,2.5,1.9,267,39,7.9,1.6,2.7,2.1,.88,4.8
2017,7,6,19.1,.7,9.4,94.2,31.2,63.6,.54,10.58,0,15.2,9.5,12.3,14.6,14.1,14.4,1.2,.5,354,60,4.9,1.6,1.7,1.6,.71,2
2017,8,6,23.7,3.4,12.4,89.8,24.9,58.5,.77,12.75,0,16.9,10,13.1,14.3,14,14.1,1,.3,40,66,3.7,3.6,2.3,1.8,.78,3.3
2017,9,6,19,6.1,11.8,89.2,47.4,72,.44,5.61,0,15.2,11.5,13.4,14.4,14.1,14.3,1.1,.2,200,74,5.2,2,.7,1.3,.99,6.7
2017,10,6,22,5.2,12.7,92.8,24.9,65,.64,11.91,0,16.1,10.5,13.1,14.4,14.1,14.3,.8,.1,360,76,2.6,3.1,1.9,1.5,.89,5.3
2017,11,6,18.5,5.6,11.9,86.5,37.2,64.8,.56,10.19,0,14.3,10.5,12.4,14.4,14.1,14.2,1.6,.8,231,57,5.2,1.7,1.8,1.8,.88,5
2017,12,6,21.3,2.1,11.6,94.7,31.6,67,.58,13.05,0,15.4,9,12,14.2,13.8,14,.9,.3,345,67,3.7,2.5,2.2,1.6,.87,4.9
2017,13,6,17.2,9.6,12.6,87.5,34.9,67.6,.5,4.08,0,13.6,11.7,12.6,14.1,13.9,14,.8,.2,149,68,3.2,1.6,.4,1.1,.97,6.6
2017,14,6,19,9.7,12.8,91.2,44.3,72.3,.44,6.39,0,14.3,11.4,12.5,14.1,13.9,14,1.3,.3,199,72,4.5,2.4,.8,1.5,1.06,7.7
2017,15,6,15.5,10.1,12.6,95.8,68.7,81.4,.28,6.5,0,13.8,11.6,12.7,14.1,14,14,2.7,1.9,222,43,6.5,.9,.8,1.4,1.18,9.4
2017,16,6,17.8,5.9,12,96.6,43.2,76.4,.38,13.84,0,16.5,11.2,13.4,14.2,14,14.1,1.2,.5,194,62,4.5,1.4,2.1,1.5,1.05,7.6
2017,17,6,17.5,2.2,9.4,96.8,49.1,74.1,.37,12.32,0,15.4,9.6,12.4,14.3,14,14.2,1.2,.3,265,70,5,1.2,1.8,1.5,.86,4.7
2017,18,6,18.7,2,9.9,95.1,37.7,69.2,.48,13.71,0,16,9.3,12.4,14.2,13.8,14,.9,.5,166,57,3.7,1.6,2.1,1.6,.81,3.9
2017,19,6,16.4,5.6,10.5,91.5,44.8,72.5,.38,6.4,0,13.7,10.6,11.9,14.1,13.8,13.9,2.3,1.4,139,49,5.7,.9,1,1.6,.91,5.5
2017,20,6,14.2,6.8,10.5,98.2,73.4,89.5,.14,3.44,9.14,12.3,11,11.6,13.9,13.6,13.8,3.4,2.9,163,31,10,.3,.1,.9,1.14,8.8
2017,21,6,14.7,5,11.1,87.4,44.1,65.5,.48,12.73,.51,12.4,9.8,11.1,13.7,13.4,13.5,4.6,4.2,249,24,12.6,.4,2.8,2.2,.86,4.7
2017,22,6,16.2,4.4,9.4,94.3,38.7,75.1,.35,9.19,0,13.2,8.5,10.5,13.4,13,13.2,1.6,.8,116,59,4.2,.8,1.2,1.6,.87,4.8
2017,23,6,17.1,7.7,12.1,92.1,46.5,70.6,.45,6.48,0,12.7,9.8,11.2,13.1,13,13.1,3.1,2,212,48,9.2,1.3,1.3,2,.99,6.7
2017,24,6,13.6,3.3,8.5,87.7,32.9,62.5,.45,14.31,0,13.8,8.5,11,13.2,12.9,13.1,2.1,1.5,238,42,7.6,.1,2.4,1.9,.68,1.3
2017,25,6,13.9,-1.3,6.3,96.6,26.9,65,.41,15.11,0,14,6.9,10.1,13.1,12.6,12.8,1.1,.4,240,66,4,.1,2.2,1.6,.59,-.7
2017,26,6,14.2,-1.8,6,94,28.8,63,.43,15.08,0,13.8,6.6,9.9,12.8,12.3,12.6,1.2,.4,269,66,4.5,.2,2.3,1.6,.55,-1.5
2017,27,6,14.7,.6,8,65.6,13,33.8,.78,15.55,0,13,6.9,9.8,12.6,12.2,12.4,3.5,3.2,351,25,8.8,.3,3.9,3.2,.33,-8.3
2017,28,6,17.9,-.1,8.3,67.6,13.5,36.9,.79,15.87,0,13.9,6.3,9.8,12.4,11.9,12.1,1.8,1.1,322,50,5.5,1.2,3.2,2.6,.37,-6.8
2017,29,6,22,-.8,9.7,79,13.4,44.9,.9,15.7,0,14.7,6.8,10.5,12.2,11.9,12.1,1.9,1.1,29,54,7.2,2.6,3.5,3,.46,-3.8
2017,30,6,23.5,1,11.8,76.3,13.2,41.5,1.04,15.99,0,15.8,7.8,11.5,12.5,12.1,12.3,1.3,.4,29,69,5.8,3.4,3.5,2.6,.5,-2.9
2017,31,6,23.2,.7,11.3,84.1,16.3,47.8,.89,16.08,0,16.6,8.6,12.2,12.8,12.4,12.6,1.1,.2,151,73,3.7,3.1,3.1,2.3,.58,-.8
2017,32,6,23.5,.6,11.6,85.3,18.2,48.7,.93,16.16,0,16.8,8.9,12.6,13,12.7,12.9,1.2,.3,51,70,4.7,3.3,3.2,2.5,.59,-.5
2017,33,6,22.6,2,12.1,84.5,19.1,50.3,.89,14.43,0,16.7,9.6,13,13.2,13,13.1,1.2,.3,333,71,4.6,3.1,2.8,2.4,.65,.7
2017,34,6,20.8,2.8,11.7,86.2,28.8,54.9,.75,11.32,0,15.6,10.1,12.9,13.4,13.2,13.3,.9,0,167,80,3.6,2.3,1.9,1.8,.72,2.2
2017,35,6,24.2,1.8,12.1,92.6,21.3,56.1,.83,16.3,0,17.6,9.5,13.2,13.5,13.2,13.4,.8,.2,340,71,2.6,3.7,3,2.1,.72,2.2
2017,36,6,24.3,1.4,13.5,87.1,17.6,48,1.03,15.16,0,17.6,10.2,13.8,13.8,13.5,13.6,1.1,.3,141,70,4.1,3.6,3.1,2.5,.66,1
2017,37,6,20.9,8,14.2,74.2,29.2,49,.88,7.05,0,15.4,12.4,14.1,14.1,13.8,14,1.4,.8,183,51,4.8,3,1.4,2.1,.78,3.2
2017,38,6,23.1,9.1,15.5,74.3,37.9,58,.84,15.6,0,16.7,11.3,13.8,14.1,13.9,14,2.2,1.2,174,54,6.1,4.2,3.4,3.1,.99,6.8
2017,39,6,25.3,7.3,15.6,86.2,35,62.5,.8,14.97,0,17.9,11.4,14.5,14.3,14,14.1,.9,.2,136,70,3.6,4.8,2.8,2.3,1.07,7.9
2017,40,6,27,8.9,17.1,85.5,30,58.8,.99,16.1,0,18.6,12.1,15.3,14.7,14.3,14.5,1.1,.2,157,74,4,6,3.3,2.7,1.09,8.2
2017,41,6,29.2,8,18.2,88.8,25.9,55.8,1.18,15.21,0,19.2,12.4,15.7,15.1,14.7,14.9,1.1,.2,39,75,4.6,6.7,3.3,2.9,1.08,8
2017,42,6,26,12.9,19.1,68.5,25.6,47.9,1.26,12.91,0,19.5,14.1,16.6,15.5,15.1,15.3,2.3,1.2,218,56,6.7,6.7,3.5,3.6,1.02,7.2
2017,43,6,23.8,12.3,17.6,76.9,34.2,57.6,.91,10.43,0,18.6,15.1,16.6,15.8,15.5,15.7,2.9,2.1,327,43,7.9,5.3,2.8,3.3,1.14,8.8
2017,44,6,23,12.9,17.2,76.5,30.7,50.3,1.03,13,0,19.9,14.6,16.7,15.9,15.7,15.8,2.5,1.3,97,56,9.8,5.2,3.2,3.4,.96,6.4
2017,45,6,22.5,9.7,15.8,80.8,30,57.1,.85,11.94,0,19.2,14.3,16.6,16.1,15.9,16,1,.3,98,66,3.8,4,2.1,2.2,.99,6.7
2017,46,6,22.8,9.2,15.6,73.9,19.7,44.3,1.09,17.94,0,19.2,13.7,16.2,16.1,15.9,16,3.7,3.4,64,22,11.4,4.1,5.1,4.5,.74,2.5
2017,47,6,24.6,3.9,14.9,73.8,18.1,37.9,1.22,17.3,0,20,12.5,16.1,16.1,15.7,15.9,1.2,.2,148,76,5.4,4.1,3.7,2.9,.59,-.4
2017,48,6,24.7,11,17.8,49.3,18.5,34,1.43,13.43,0,18.9,14.3,16.5,16.1,16,16.1,4.6,4.4,164,18,11.1,5.3,5.2,5.6,.67,1.2
2017,49,6,19.3,10,15.1,91.8,35.4,67.8,.62,4.8,12.45,17.2,13.8,16,16.3,16.1,16.3,4.4,3.8,142,31,11.1,2.5,1.4,2.5,1.12,8.5
2017,50,6,16.5,9.6,12.4,96.8,61.6,87.4,.19,10.82,7.11,16.4,12.7,14.3,16.2,15.5,15.8,2.6,1.9,155,41,6.5,1.2,1.4,1.7,1.25,10.3
2017,51,6,21,6.6,13.5,100,41.6,80.7,.4,17.84,0,19.1,12,15.3,15.6,15.3,15.5,.7,.1,272,78,3.2,2.8,2.8,2.2,1.21,9.7
2017,52,6,23.6,6.7,15.2,99.2,40.6,78.6,.5,18.32,0,19.8,12.7,16,15.9,15.6,15.7,1,.2,162,70,4.6,4,3.1,2.5,1.31,10.9
2017,53,6,26.5,9.3,17.6,98.8,25.2,64,.93,16.63,0,20.9,13.7,17.1,16.3,15.9,16,1.4,.7,218,55,6.3,5.8,3.4,3.1,1.19,9.3
2017,54,6,17.1,8.4,12.8,52,18.5,32.8,1.02,19.83,0,18.8,13.4,16.1,16.6,16.3,16.4,3.3,3.1,254,20,8.6,1.4,4.9,4.1,.48,-3.6
2017,55,6,17.2,3,9.8,70.2,13.1,40.4,.81,19.78,0,18.6,10.9,14.6,16.4,15.7,16.1,1.8,.6,226,66,7.4,1.1,3.9,3.1,.45,-4.4
2017,56,6,18.2,.3,10,86,14.3,47.5,.79,19.31,0,18.8,10.4,14.5,15.9,15.4,15.7,1,.2,82,71,3.7,1.3,3.5,2.5,.52,-2.2
2017,57,6,20.3,6.2,13.5,85.5,15.7,46.8,.93,16.2,0,18.8,13.1,15.7,15.8,15.6,15.7,1.8,1.1,233,51,7.5,2.5,3.5,3.1,.67,1
2017,58,6,21.4,7.4,13,98.8,29,62.8,.64,8.98,1.52,16.6,12.5,14.6,15.9,15.6,15.8,3.3,1.7,175,57,9.1,3,2.1,3.2,.91,5.3
2017,59,6,19.7,7.7,13.6,99.6,44.1,72.8,.49,15.58,.25,18,13.2,15.2,15.7,15.4,15.6,2.7,1.8,269,46,12.5,2.4,3.1,2.7,1.1,8.3
2017,60,6,21.3,2.9,12.1,98.9,17.1,58.3,.78,20.59,0,20.2,11.2,15.4,15.7,15.1,15.5,1.9,1.4,350,41,7.3,2.6,4.2,3.3,.73,2.2
2017,61,6,25,3.3,14.8,67.6,13.1,35.3,1.29,20.98,0,16.6,10.8,13.9,15.9,15.5,15.7,2.6,2.3,7,25,6.8,4.1,5.4,4.7,.53,-2
2017,62,6,25.7,7.6,17.2,59.1,21.3,34.5,1.38,12.75,0,16.7,10.8,13.4,15.5,15,15.3,2.4,1.5,32,51,7.2,5,3.7,4.2,.67,1
2017,63,6,27.7,7.3,17.3,66.6,12.2,38.6,1.44,18.5,0,20.8,10.8,15.5,15.4,15,15.1,1.7,.5,190,68,8.4,5.9,4.6,4.1,.68,1.5
2017,64,6,25.8,10.6,17.7,76.2,14.9,34.6,1.44,12.03,0,19.3,13.8,16.3,15.9,15.4,15.7,2.9,2.2,203,40,11.3,5.7,3.9,4.7,.67,.7
2017,65,6,19.6,7.1,13.6,71.6,13.2,37.3,1.05,21.36,0,21.2,12,16,16,15.7,15.9,2.1,1.4,273,47,7.3,2.3,4.9,3.8,.54,-2.2
2017,66,6,24.5,2.7,13.3,67,11.4,35.8,1.19,21.36,0,21.9,11,16.1,16.1,15.7,15.9,1.4,.5,306,64,5.1,3.9,4.7,3.7,.48,-3.3
2017,67,6,28.8,4.4,16.5,72.1,12.1,37.2,1.47,20.48,0,23.3,12.3,17.5,16.4,16,16.1,1.4,.3,279,72,4.8,6.1,4.8,4.1,.61,-.1
2017,68,6,30.5,7.3,18.5,68.3,10.5,35.5,1.68,21.86,0,25.1,13.8,19,17,16.4,16.6,1.5,.1,18,78,5.3,7.4,5.3,4.5,.66,1
2017,69,6,31.8,6.8,19.5,71.6,10.2,35.1,1.8,21.15,0,25.9,14.9,20,17.6,17,17.3,1.4,.4,328,68,4.5,7.6,5.2,4.5,.69,1.7
2017,70,6,31.9,10.8,20.6,67.7,9.2,32,1.94,21.5,0,26.7,16.4,21,18.3,17.6,17.9,1.2,.1,262,77,4.8,8.7,5.4,4.4,.69,1.5
2017,71,6,32.2,9.4,20.9,68.2,11.8,32.5,1.99,21.68,0,27.4,16.7,21.6,18.8,18.2,18.5,1.4,.1,233,77,5.6,8.3,5.5,4.7,.71,2
2017,72,6,33,10.5,21.6,67.8,11.9,34.7,2.01,22.14,0,28.3,17.3,22.4,19.3,18.8,19,1.2,.2,128,76,3.8,8.9,5.4,4.5,.79,3.5
2017,73,6,34,10.5,22.4,72.2,11.5,32.9,2.17,22.33,0,30,18,23.4,24.7,19.3,21.1,1.3,.2,155,76,4.3,9,5.6,4.8,.78,3.3
2017,74,6,33.4,9.7,22,67.8,8.2,31.6,2.17,18.64,0,24.6,17.6,21,22.9,20.6,21.4,1.1,.1,347,76,4,8.7,4.7,4.2,.71,1.9
2017,75,6,33.6,10.3,22.3,65,10.7,30,2.24,22.22,0,24.4,16,20,20.6,19.8,20.2,1,.3,335,67,5.4,8.9,5.6,4.3,.7,1.7
2017,76,6,33.9,11.8,22.8,64.3,10.9,30,2.28,22.47,0,27,16.1,21.1,20,19.6,19.8,1,.3,52,67,6.9,9.5,5.7,4.4,.73,2.4
2017,77,6,35.8,11.3,23.8,69.3,9.9,29.1,2.53,22.84,0,28.8,17.4,22.8,20.4,19.9,20.1,1.1,.2,242,75,5.8,9.7,6.1,4.8,.72,2.2
2017,78,6,35.2,12.3,24,54.7,9.6,25.9,2.57,22.93,0,29.5,18.5,23.7,20.9,20.4,20.6,1.3,.1,106,78,5.4,9.9,6.1,5,.68,1.5
2017,79,6,35.4,12.1,24.8,58.9,10.3,26.5,2.68,22.47,0,30,19.3,24.4,21.4,20.9,21.1,1.2,.5,285,61,5.5,9.9,6.1,4.9,.72,2.2
2017,80,6,34.2,12.3,24.7,64.1,9.3,27.5,2.52,23.1,0,30.2,20.2,25,21.9,21.4,21.6,2,.9,211,60,7.8,9.7,6.7,5.9,.77,3.1
2017,81,6,28.4,14.5,21,60.7,27.3,38,1.64,18.11,0,27.8,20.2,23.9,22.1,21.7,21.9,2.5,1.3,236,56,10.4,8.7,4.9,5.2,.94,5.9
2017,82,6,21.6,10.3,16.1,92.3,22.9,52.7,.95,21.73,1.02,24.6,19.1,21.7,22,21.4,21.7,3.1,1.9,240,50,10.9,3.7,5.3,4.4,.91,5.1
2017,83,6,26.1,9.4,17.7,62.6,14.6,35.4,1.45,24.07,0,26.9,16.7,21.3,21.5,20.7,21.1,1.6,.4,219,70,6.2,5.6,5.6,4.6,.67,1.1
2017,84,6,27.8,6.6,18.3,76.1,12.6,35.6,1.62,22.62,0,26.3,17.1,21.4,21.1,20.6,20.9,2.4,1.5,240,49,9.4,5.9,6.2,5.4,.65,.7
2017,85,6,28,9,19.5,59.8,12.5,29.7,1.77,24.02,0,27.7,17.6,22.4,21,20.6,20.9,1.6,.7,277,60,6.7,6.4,6,4.8,.62,0
2017,86,6,28.4,11.6,20.4,50.4,13.8,29.6,1.83,22.81,0,27.2,18.2,22.5,21.2,20.9,21,3.4,2,230,51,11.4,7.3,6.9,6.5,.67,1.2
2017,87,6,25.5,12.2,19.2,56.8,17.6,30.9,1.63,24.26,0,26.7,18.7,22.4,21.3,21,21.2,3.2,2.6,283,35,9.7,6.2,6.8,6,.65,.8
2017,88,6,28.6,9.6,20.1,54.8,11.3,23.5,1.97,24.9,0,27.7,17.9,22.5,21.3,21,21.2,2.2,1.2,280,55,8.1,6.9,6.9,5.8,.51,-2.6
2017,89,6,32.5,10.1,22.1,43.7,7.8,18.7,2.42,25.26,0,29.5,18.1,22.1,24.2,21.2,22.2,4.6,3.5,196,38,13.7,8.6,9.1,9.1,.44,-4.6
2017,90,6,20.2,10.2,16.4,53.9,11.6,24,1.45,20.71,0,18.6,14.4,16.6,22.6,20.4,21.4,4,3.3,277,32,9.4,3,6.2,5.7,.43,-5.1
2017,91,6,22.2,6.6,14.5,67.9,16.3,39.2,1.14,21.51,0,19.8,12.3,16,20.4,19.1,19.6,1.3,.6,3,60,7.4,3.3,4.6,3.8,.59,-.5
2017,92,6,27.5,5.4,17.6,75.1,13.6,36.1,1.53,25.46,0,24.1,12.8,18.1,19.2,18.7,18.9,2.2,1.2,212,53,7.3,5.6,6.3,5.4,.64,.6
2017,93,6,29.9,13.5,21.1,59.7,11.7,27,2.01,25.61,0,25.4,15.9,20.5,19.6,19,19.3,3.5,2.3,195,47,10.9,8.9,8,7.3,.62,.1
2017,94,6,25.7,8.9,18,72,10.5,31.5,1.61,25.01,0,24.8,16.4,20.6,20,19.6,19.8,2.1,1.3,327,51,9.2,5.4,6.4,5.3,.56,-2
2017,95,6,29,6.8,18.6,61.2,8.3,24.7,1.9,26.08,0,26.6,15.8,20.9,20.1,19.7,19.9,1.6,.6,16,64,6,6.5,6.6,5.3,.44,-4.5
2017,96,6,32.7,8.5,21.4,64.6,8.2,23.3,2.28,25.83,0,28.2,17.1,22.4,20.5,20.1,20.2,1.4,.2,212,75,6.5,8.2,6.8,5.5,.51,-2.5
2017,97,6,32.5,12.6,23.5,42.2,8.4,19.3,2.54,23.52,0,28.2,18.8,23.4,21.1,20.5,20.8,1.7,.9,168,56,5.1,9.4,6.4,5.8,.52,-2.4
2017,98,6,30.8,14.4,22.6,51.1,5.3,20.6,2.35,24.36,0,27.2,19,22.9,21.3,21,21.2,3.2,2,236,50,8.7,9.7,7.8,7.4,.53,-2.7
2017,99,6,26.4,11.1,19.8,49.5,9.6,23.6,1.87,22.9,0,26.7,18.8,22.6,21.5,21.2,21.3,2.2,1.7,252,40,6.8,6.2,6.1,5.5,.52,-2.6
2017,100,6,29.1,6.3,18.6,59.5,5.7,21.1,1.93,27.24,0,28,17.1,22.3,21.5,21,21.2,1.2,.1,161,76,4.7,6.5,6.5,5.1,.39,-6.3
2017,101,6,31.9,6.3,20.3,55.2,6.5,20.8,2.19,25.61,0,28.2,17.6,22.6,21.5,21,21.3,1.6,.1,162,78,6.1,7.6,6.7,5.7,.43,-5
2017,102,6,32.7,10.3,22.2,50,7.3,20.5,2.42,27.11,0,29.4,18.7,23.8,21.7,21.3,21.5,1.6,.5,195,67,5,8.7,7.1,5.9,.49,-3.2
2017,103,6,33.6,13.8,23.9,45.2,8.6,20.6,2.58,24.04,0,30.8,19.9,24.4,27.3,21.7,23.8,2.2,1,221,60,8.2,10.3,7,6.7,.57,-1
2017,104,6,31.9,12.8,22.6,51.1,12.2,25.5,2.26,27.19,0,25.2,17.4,21,24.4,22.2,23,2.1,1.1,218,57,7,9.3,7.4,6.5,.64,.5
2017,105,6,30.9,11.8,21.6,38.5,7.4,21.5,2.23,28.13,0,25.9,15.4,20.4,22.2,21.2,21.6,1.8,.7,183,63,6.7,8.6,7.4,6.2,.5,-2.7
2017,106,6,32.9,10.2,22.6,58,7.8,21.5,2.42,26.56,0,28.7,16.9,22.5,21.5,21.1,21.3,1.7,.2,193,77,7.6,8.7,7.1,6.1,.52,-2.3
2017,107,6,33.1,13.5,24,41.3,6.1,19.8,2.65,25.53,0,28.9,18.7,23.6,21.9,21.5,21.7,2.1,1.2,214,54,7.4,10,7.4,6.6,.53,-2
2017,108,6,34.8,14.6,25.7,47.5,9.9,23.1,2.78,27.85,0,30.3,19.8,24.9,22.4,21.9,22.1,2.6,1.8,225,45,8.7,10.9,8.4,7.6,.71,2
2017,109,6,32.9,18.6,26,39.5,9.3,21.9,2.74,28.09,0,30.9,21.9,26.1,23.1,22.4,22.7,2.7,2.4,256,26,11.1,12.4,8.5,7.6,.7,1.4
2017,110,6,33.3,14.1,23.5,45,5.1,18.2,2.63,28.67,0,30.9,20.6,25.5,23.3,22.9,23.1,1.9,.8,233,60,8.2,10.3,8,6.8,.47,-3.7
2017,111,6,34.4,11.1,24,46.5,5.5,17.2,2.82,29,0,30.8,20.3,25.4,23.4,23,23.2,2.2,1.3,274,52,8.5,9.4,8.5,7.4,.43,-4.9
2017,112,6,35.5,14.5,25,32.5,6.4,15.6,2.95,28.95,0,32.1,21.2,26.4,23.6,23.2,23.4,1.6,.5,178,66,5.2,11,8,6.7,.45,-4.2
2017,113,6,37,12.6,26.5,48,6.8,17.5,3.25,27.4,0,32.6,21.8,26.9,24,23.5,23.7,2.1,1.1,221,57,8.2,10.3,8.3,7.5,.52,-2.2
2017,114,6,33.7,14.9,25.7,33.1,8.3,17.5,2.89,23.64,0,30.3,22.4,26.3,24.2,23.9,24,3,2,214,46,9.9,10.8,8,7.8,.55,-1.7
2017,115,6,29.4,17.2,23.7,51.9,10.7,26.6,2.23,25.61,0,28.9,22.4,25.4,24.2,23.8,24,4,3.3,255,34,10.2,10.5,8.4,8,.75,2.3
2017,116,6,31.5,14.7,24.1,31.2,8.6,16.8,2.64,28.27,0,30.6,21.1,25.8,24,23.6,23.8,2.4,1.5,271,48,8.3,10.1,8.3,7.2,.47,-3.5
2017,117,6,32.1,16.6,25.1,40.6,15.5,24.1,2.55,24.91,0,31,22.1,25.8,27.5,23.9,25.4,2.6,1.6,237,50,8.9,11.2,7.6,7.1,.76,2.8
2017,118,6,29.4,16,23.4,53.7,6.2,26.4,2.17,21.1,0,22.8,16.8,21,26,23.8,24.7,4.5,2.8,284,49,13.9,9.9,7.8,7.9,.75,.5
2017,119,6,26.3,10.9,19.5,27,9.5,16.4,1.99,29.92,0,25.2,14.3,19.5,23.8,22.1,22.7,4.3,3.3,301,38,11.1,6.1,9.2,8.2,.36,-7.1
2017,120,6,30.2,8.9,20.7,63.9,6.7,21.3,2.17,29.91,0,28.9,16.9,22.6,22.3,21.8,22.1,1.7,.4,261,70,6.5,7.5,7.6,6.3,.44,-4.5
2017,121,6,33.8,11,23.2,46.7,6.3,17.6,2.63,30.03,0,30.8,18.7,24.5,22.7,22.2,22.4,1.5,.4,170,71,6,9.2,7.9,6.6,.45,-4.4
2017,122,6,35.8,15,25.9,47.5,7.9,17,3.05,29,0,31.1,20.6,25.6,23.3,22.7,23,2.6,1.6,198,51,8.4,11.3,8.8,8.2,.52,-2.3
2017,123,6,37.3,14.9,27.8,50,7.8,17.6,3.37,29.51,0,32.8,22,27.2,23.9,23.3,23.5,1.7,.2,190,77,8.3,11.5,8.5,7.2,.6,-.4
2017,124,6,39,16.6,28.9,44.1,7.8,18.3,3.6,29.57,0,35.7,23.1,28.6,32.8,23.9,27.2,1.6,.3,148,72,6,12.5,8.5,7.2,.66,1.1
2017,125,6,41.1,15.9,30.4,66.9,7,20.2,3.98,28.97,0,28.5,22.1,25.2,27.6,25.2,26,2.7,1.1,194,63,9.5,12.4,9.7,9.3,.73,2.3
2017,126,6,35.7,19.3,27.9,38.6,9.8,20.1,3.16,28.98,0,29.4,20.9,25.1,25.2,24.3,24.7,5.9,5.4,189,24,14.7,13.3,11.9,11.8,.72,2.1
2017,127,6,22.6,14.4,18.7,66.2,22.5,38.2,1.37,19.98,0,25.9,21,23.2,24.6,23.9,24.3,3.2,2.6,249,35,8.3,5.7,5.3,5.4,.8,3.3
2017,128,6,26.1,11.6,18.8,79.7,20.5,36.8,1.47,23.13,.25,28.3,19.1,23.2,23.9,23.3,23.6,2.7,2.3,217,31,12.9,6.2,6,5.8,.77,2.9
2017,129,6,23.7,10.9,17.5,94.4,25,56,1.01,28.47,.25,28.2,19.3,23.3,23.5,23,23.3,2.8,2.1,169,39,7.9,4.8,6.4,5.5,1.04,7.2
2017,130,6,26.2,12,19.5,73.5,22,44.3,1.39,26.54,0,28.1,19.8,24,23.3,23,23.2,2,.8,220,64,6.7,6.4,6.1,5.5,.94,5.9
2017,131,6,32.3,12.3,23.2,74.5,19,38.3,2.02,29.54,0,32.7,20.2,25.7,29.2,23.2,25.2,1.5,.6,223,65,6.1,9.3,7.3,6.2,1,7
2017,132,6,35.9,18.9,27.6,51,12.6,27.3,2.95,29.3,0,28,20.7,24.5,25.9,24.1,24.6,2,1,185,58,7.4,13.1,8.3,7.5,.93,5.9
2017,133,6,36.7,17.4,27.4,38.9,8.6,21.1,3.15,30.34,0,29.4,19.2,24.1,24.1,23.5,23.8,3.7,3,190,36,10.6,12.5,10.4,10,.7,1.8
2017,134,6,33.8,17.4,25.9,40.3,12.8,22.5,2.74,23.71,0,28.5,20.7,24.5,23.9,23.5,23.7,4.1,3.4,184,34,11.4,12,8.6,9,.73,2.4
2017,135,6,30.7,16.4,23.4,38.3,8,23.1,2.35,30.35,0,28.6,20.9,24.7,23.9,23.6,23.7,5,4.3,195,32,13.9,10.7,10.8,9.8,.62,.1
2017,136,6,25.3,11.5,19.3,49.3,12.7,27.5,1.7,29.71,0,28.6,20,24.2,23.9,23.5,23.7,2.9,2.4,244,33,9.3,5.8,7.8,6.7,.59,-.6
2017,137,6,30.3,13.3,21.6,46.1,12.8,29,2.02,29.93,0,30.8,19.8,25.1,23.8,23.4,23.6,2.9,1.8,207,49,8.4,9,8.1,7.6,.7,1.9
2017,138,6,30,14.9,23.3,49.4,7.7,20.8,2.4,30.59,0,30.3,21.1,25.3,26,23.8,24.5,2.7,2,280,40,10.9,9.7,8.9,7.6,.55,-2.2
2017,139,6,29.9,13.9,22,43.6,9.2,23.1,2.18,30.89,0,24.9,17,20.9,24.9,23.3,23.9,3,2.1,325,46,10.1,9.2,8.5,7.9,.56,-1.5
2017,140,6,34,11.2,24.2,51.8,8,20.2,2.75,31.01,0,28.5,16.7,22.4,23.3,22.5,22.8,1.9,.7,350,64,7.8,9.2,8.7,7.3,.53,-2
2017,141,6,37.9,13.7,27.1,47,6.6,18.3,3.36,31.14,0,32.6,19.7,26,23.5,22.8,23,1.5,.1,204,80,6.9,11,8.7,7.3,.56,-1.3
2017,142,6,39.4,15.3,29.4,50.4,6.1,15.6,3.82,30.57,0,34.4,22.3,28.2,24.5,23.5,23.9,1.8,.6,205,66,6.1,12,9,7.9,.57,-1.1
2017,143,6,40.3,21.1,31.3,28.3,5,12.8,4.27,31.11,0,35.6,24.5,29.8,25.4,24.5,24.9,1.7,.6,304,64,6.5,14.5,9.3,7.8,.54,-1.9
2017,144,6,42.1,21.8,32,22.3,5.9,12.8,4.49,29.79,0,35.7,24.9,30.1,26,25.4,25.6,3,1.9,208,49,9.4,14.9,10.3,10.2,.56,-1.1
2017,145,6,38,23,30.4,21.3,4.7,11.8,4,28.48,0,30.9,22.4,27.4,27.9,26,26.8,3.9,3.3,207,32,10.9,15.1,10.7,10.7,.47,-3.6
2017,146,6,35.6,20.6,28,24.7,7,15.6,3.34,31.33,0,26,18.9,22.5,27,24.9,25.8,3.9,3.1,189,37,10.2,13.8,10.7,10.4,.55,-1.4
2017,147,6,35.7,14.8,26.2,32,7.8,16.6,3.09,31.18,0,32.2,19,25.4,24.9,24.2,24.5,1.9,.2,168,78,6.8,11.2,8.8,7.6,.52,-2.1
2017,148,6,38.1,18,28.3,34.8,5.3,16,3.6,31,0,34.1,22,27.9,25.2,24.6,24.8,1.5,.8,193,55,6.1,13,8.8,7.3,.54,-2
2017,149,6,39.5,15.4,29.4,48.9,5.2,14.4,3.91,27.3,0,33.8,23.3,28.6,25.7,25.2,25.4,1.9,.7,181,63,5.5,12,8.4,7.7,.51,-2.7
2017,150,6,38.8,18.1,29.6,37,7.3,17.5,3.7,26.87,0,34.4,24.5,29.3,26.1,25.7,25.9,2,.6,175,67,8.3,13.1,8.1,7.7,.67,1.2
2017,151,6,38.6,17.8,29.5,58.8,9.2,24.6,3.45,28.19,0,35.4,25.3,30.1,26.6,26.1,26.3,2.3,1.4,232,51,7.9,13,8.7,8.2,.88,4.8
2017,152,6,36.9,20.8,29.2,45.8,7.8,20.6,3.43,29.94,0,33.8,24.6,29,29.5,26.6,27.6,2.4,1.5,226,49,7.7,14.1,9.2,8.5,.77,3.1
2017,153,6,38.2,18.1,29.6,54.4,9.8,24.9,3.45,30.42,0,29.9,21.7,25.7,28.6,26.5,27.2,1.9,1.2,219,50,6.5,13,8.7,7.9,.9,5.3
2017,154,6,41.3,22.3,32.9,30.6,8.1,16.6,4.42,30.48,0,34.2,21.4,27.5,26.6,25.8,26.2,2.7,1.7,234,50,8.8,15,10,9.7,.78,3.3
2017,155,6,41.2,23.3,33.7,26.4,8.8,14.9,4.69,30.58,0,36.3,25.6,30.8,27,26.2,26.5,2.9,2,234,45,6.7,15.4,10.4,10,.74,2.7
2017,156,6,41.5,23.6,34.1,28.5,9.3,15.5,4.76,30.35,0,36.9,27.1,31.9,27.7,27,27.3,3.1,2.1,237,45,7.2,15.6,10.6,10.2,.79,3.5
2017,157,6,41.8,23.6,33.4,34,9.6,16.9,4.53,30.4,0,38.3,27.9,32.9,28.4,27.7,28,2.5,1.4,239,53,6.7,15.6,9.9,9.4,.81,3.8
2017,158,6,41.2,23.6,32.6,29.2,7.8,16.6,4.34,30.46,0,38.4,28.5,33.2,28.9,28.4,28.6,2.3,1.1,232,60,9.3,15.5,9.7,9.1,.77,3
2017,159,6,40.5,19.5,31.5,42.7,7.2,14.8,4.22,29.15,0,35.8,27.4,30.7,33.3,28.9,30.4,1.9,.9,271,60,8.6,13.9,9.2,8.1,.63,.3
2017,160,6,40.8,21.9,32.4,35.4,8.2,16,4.39,30.79,0,30.9,23.5,27,30.5,28.5,29.3,2.4,1.4,242,53,8.6,14.9,10,9.2,.71,2.1
2017,161,6,39.6,19.9,30.4,32,5.4,16.2,3.93,30.93,0,34.2,22,28,28.5,27.4,27.9,2.7,2.2,194,34,6.3,13.9,9.9,9.5,.64,.3
2017,162,6,38.2,20.4,29.7,42,10.7,19.9,3.59,30.99,0,33.7,24.8,29.1,27.9,27.5,27.7,4.8,4.3,184,26,10.6,14.1,11.9,11.8,.77,3.1
2017,163,6,34,17.6,26.7,37,8.6,20.3,2.95,31.49,0,34.9,24.9,29.7,27.9,27.5,27.7,2.6,1.7,242,48,7.6,12.2,9.4,8.4,.68,.9
2017,164,6,35.8,14.9,26.1,29.2,4,13,3.21,32.59,0,35.4,24.2,29.7,28,27.5,27.8,1.6,.2,189,76,6.2,11.2,9,7.5,.38,-6.3
2017,165,6,39.7,14.4,27.9,42.6,2.6,12.6,3.74,32.75,0,36.1,24.2,30,28,27.5,27.8,1.5,.3,182,73,5.2,11.6,9.3,7.9,.39,-6.2
2017,166,6,41.4,16,30.1,37.9,2.7,11.2,4.27,32.7,0,37.1,25.2,31,28.2,27.8,28,1.8,.5,182,68,5.5,12.5,9.8,8.5,.4,-5.9
2017,167,6,42.5,16.6,31.8,38.5,3.2,11.3,4.63,32.36,0,37.4,26.3,31.8,28.6,28.1,28.3,2.2,1.2,213,56,6.7,12.9,10.2,9.4,.46,-4
2017,168,6,42.8,21.6,33.3,30.7,4.1,10.7,4.91,31.7,0,38,27.4,32.6,29,28.5,28.7,2.5,1.4,225,54,6.8,14.9,10.4,9.7,.49,-3
2017,169,6,44.2,22.8,34.7,28.3,5.4,12.2,5.24,30.54,0,38.3,28.3,33.2,29.4,29,29.1,2.7,1.7,222,48,7.4,15.4,10.5,10.2,.61,0
2017,170,6,47.5,26.1,36.9,27.4,5.8,11.5,5.93,30.28,0,40.1,29.5,34.6,30,29.4,29.6,2.2,.8,222,65,5.8,16.5,10.3,9.8,.68,1.4
2017,171,6,48,25.3,37.8,30.1,5.5,12.6,6.21,28.37,0,40.5,30.4,35.3,30.6,30,30.2,1.9,.9,207,58,6.3,16.3,9.5,8.9,.75,2.8
2017,172,6,46.8,26.9,38.2,31.9,8.1,15.9,6.01,29.95,0,40.2,31.6,35.9,31.1,30.5,30.8,3,2.4,237,36,8.7,16.7,11.2,11.1,.99,6.7
2017,173,6,44.2,27.1,36.4,37.6,10.4,21.7,5.08,30.05,0,40.8,31.6,36.1,31.5,31.1,31.2,3.3,2.1,244,50,8.7,16.8,10.7,11,1.24,10
2017,174,6,43.8,25.6,36,48.9,10.7,23.7,4.89,30.03,0,36.5,28.8,33.3,33.5,31.5,32.3,2.9,2.2,246,40,7.6,16.3,10.4,10.2,1.28,10.3
2017,175,6,46.7,26.3,37.1,36.4,6,17.2,5.65,30,0,32.6,25.8,29,32.4,30.4,31.2,2.3,1.5,234,48,7.1,16.6,10.2,9.8,.98,6.4
2017,176,6,45.9,28.5,38.7,42.3,8.4,16.2,6.03,28.98,0,37.7,26.3,31.6,30.4,29.6,29.9,3.3,1,204,67,10.2,17.1,11.1,11.2,1.05,7.5
2017,177,6,43.9,28.8,36.6,38.7,9,21.7,5.02,29.7,0,39.9,29.7,34.6,30.7,30,30.3,2.5,.9,220,64,8.4,17.1,9.9,9.6,1.27,10.2
2017,178,6,42.5,25.1,35.4,30.2,6,13.6,5.24,31.25,0,38.5,30.1,34.2,31,30.7,30.9,3.1,2.4,240,38,9.1,16.1,11.5,10.7,.72,1.9
2017,179,6,42.8,23,33.7,40.6,8.6,21.6,4.41,29.67,0,39.2,29.3,34,31.2,30.8,31,2.7,1.5,201,54,7.4,15.4,9.8,9.7,1.06,7.6
2017,180,6,42.1,23.3,33.4,41.6,9.2,20.1,4.45,30.74,0,37.3,29.1,32.6,33,31.1,31.7,2.2,.9,189,61,5.8,15.5,9.6,9,.94,5.9
2017,181,6,41,24,32.5,26.8,4.5,13,4.51,31.54,0,31.2,23.7,27.9,32.1,30,30.9,2.2,1.6,171,43,5.8,15.6,9.9,8.9,.59,-.7
2017,182,6,44.3,23.8,34.2,27.1,3.1,11.4,5.14,31.12,0,36,23.1,29.5,30.1,29.1,29.5,2.6,1.7,191,47,6.7,15.7,10.5,10,.55,-1.8
2017,183,6,43,23.8,34.8,33.7,9.3,14.3,5.01,29.78,0,37.3,27,32,29.9,29.4,29.6,3.1,1.8,196,52,9.5,15.6,10.8,10.5,.79,3.2
2017,184,6,40.9,26.5,34.6,54.1,17.9,30.1,4.05,28.94,0,39,29.8,34.3,30.6,29.9,30.2,2.5,1.1,245,60,7.9,16.4,9.3,8.9,1.58,13.7
2017,185,6,43.2,27.2,36.3,44.1,9.9,21.3,5,29.93,0,39.7,30.7,35,31.2,30.6,30.9,2.8,1.9,239,46,8.9,16.7,10.3,10.1,1.19,9.3
2017,186,6,43.6,27.3,36.9,39.5,10.1,20.5,5.24,28.81,0,39.4,31.1,35.2,31.6,31.2,31.4,3.5,2.5,244,43,7.9,16.8,10.8,10.9,1.2,9.5
2017,187,6,44.2,28,36.9,46.3,10.9,23.7,5.04,29.51,0,41,31.9,36.2,32.1,31.6,31.8,2.7,.8,238,68,11.3,17,9.9,9.9,1.38,11.5
2017,188,6,46.5,28.9,37.9,44.3,8.3,20.2,5.63,29,0,41.6,32.4,36.9,32.6,32,32.3,2,.7,157,65,6.5,17.1,9.6,9.1,1.23,9.9
2017,189,6,44.7,29.1,37,41.3,11.7,24.7,4.94,28.25,0,41.4,33,36.9,32.9,32.6,32.7,3.6,1.7,162,58,9.8,17.2,10.6,11.1,1.49,12.8
2017,190,6,41.7,29.3,35.1,54.7,17,33.9,3.94,28.4,0,41.3,33.3,37.1,33.2,32.8,33,3,1.5,235,58,10.8,17.2,9.3,9.7,1.83,16
2017,191,6,42.1,27.4,35.2,64.2,16,33.3,4.1,28.67,0,41.4,33.4,37.3,33.4,33.1,33.2,2.8,1.1,206,63,14.3,16.8,9.4,9.4,1.77,15.5
2017,192,6,39.5,26.9,32.8,63.2,22.5,40.5,3.16,21.89,0,39.2,33.3,36.2,33.6,33.2,33.4,3.1,2,142,47,9.2,16.6,7,8.2,1.93,16.9
2017,193,6,42.3,26.8,35.2,57.2,17.8,32,4.13,29,0,41.3,32.6,36.8,33.4,33.1,33.3,1.9,1.3,261,48,7.6,16.6,9,8.4,1.72,15.1
2017,194,6,42.2,27.1,35.3,62.6,16.3,33.5,4.07,28.74,0,41.3,33.4,37.3,33.7,33.4,33.5,3.2,1.7,209,55,13.6,16.6,9.7,9.9,1.8,15.7
2017,195,6,42.5,26.5,34,64.8,17.2,38.3,3.57,28.59,0,38.5,31.3,35.2,34.9,33.7,34.1,2.8,.8,141,68,11.1,16.5,9,9.4,1.9,16.6
2017,196,6,42.3,27.9,33.3,68,19.1,43.2,3.17,26.46,.25,35.2,28.8,31.5,34.2,32.6,33.2,3.2,1.7,172,56,13,16.9,8.4,9.4,2.1,18.2
2017,197,6,39.9,25.5,32.5,80.8,25.1,48.8,2.79,28.19,0,36.4,28,31.8,32.6,31.7,32.1,2.8,1.2,155,62,14.7,16.1,8.1,8.5,2.25,19.3
2017,198,6,37.7,23.5,29.6,90.2,29.6,60.8,1.87,20.44,1.02,35.7,28.8,31.7,32,31.5,31.7,2.6,.9,130,66,9.3,15.2,5.6,6.4,2.4,20.4
2017,199,6,38.9,23.2,30.1,95.4,28.1,61.7,1.91,27.3,2.03,38.5,28.7,33.1,31.6,31.3,31.5,2.4,1,123,63,14.4,15.2,7.2,7.5,2.5,21
2017,200,6,38.2,26,31.7,81.1,30.4,51.4,2.43,25.02,0,38.6,30.5,34.1,31.9,31.6,31.7,3,1.6,186,55,9.4,16.2,7.6,7.8,2.32,19.8
2017,201,6,39.4,24.9,32.1,75.7,25,47,2.76,23.83,0,37,30.4,32.9,33.4,31.9,32.3,2.3,.7,129,68,9.6,15.8,7,7.3,2.13,18.4
2017,202,6,39.8,26.8,32,72.9,22.1,49.7,2.62,22.93,0,33.8,28,30.4,32.5,31.3,31.8,2.5,1.2,126,58,8.9,16.6,6.7,7.5,2.24,19.2
2017,203,6,41.3,26.1,32.9,71.1,18.6,44.6,3.08,23.78,0,34.6,27.7,30.8,31.4,30.8,31,2,.4,281,72,9.6,16.4,7.2,7.3,2.08,17.9
2017,204,6,39.8,23.6,31.5,95.7,24.9,54.5,2.48,27.92,20.57,38.8,28.9,33,31.3,30.8,31,2.8,.7,142,70,13.9,15.5,8.1,8.2,2.31,19.6
2017,205,6,31.5,23,26.9,97.9,58.7,84.6,.6,16.71,9.91,32.7,28.3,30.3,31.5,30.8,31.1,1.4,.9,13,47,5.1,14.2,3.4,3.8,2.97,23.9
2017,206,6,38.3,25.1,31.3,94.3,26.2,60.8,2.08,26.39,0,35,28.4,31.2,30.8,30.5,30.7,1.5,.1,334,78,7.1,15.9,6.9,6.6,2.59,21.4
2017,207,6,40,25.3,33.1,84.5,21.5,48.4,2.95,28.01,0,37.4,28.3,32.5,31,30.5,30.7,1.3,.6,313,60,8.5,16.1,7.7,7,2.27,19.3
2017,208,6,42.1,28.2,35.3,60.7,15.1,30.6,4.19,26.74,0,38.9,29.7,33.6,34.5,31,32.1,2.6,.3,222,76,9.2,17,8.8,8.9,1.67,14.5
2017,209,6,38.3,25.9,32,78.4,25.9,46.4,2.72,25.08,0,35,28.3,31.2,32.5,31.4,31.8,3.3,.7,156,72,12.6,16.2,8,8.3,2.11,18.2
2017,210,6,38.4,27,31.3,68.7,26,48.4,2.52,21.54,0,35.7,28.6,31.5,31.4,30.9,31.2,2.5,1.6,255,48,14,16.6,6.6,7.1,2.13,18.4
2017,211,6,36.9,25.5,31.1,79.3,32.1,53.4,2.3,23.53,0,38.4,29.2,33.1,31.3,30.9,31.1,1.1,.3,358,68,7.6,15.9,6.1,5.7,2.31,19.7
2017,212,6,40.6,28.8,34.7,63.8,21.4,39.9,3.49,26.15,0,41,31.3,35.7,32.1,31.3,31.6,1.9,.8,139,62,9.8,17.1,7.8,7.6,2.13,18.4
2017,213,6,37.5,25.3,31.2,85.5,28.1,50.4,2.38,19.25,.51,38.2,31.5,34.4,32.4,32.1,32.3,2.6,1.6,94,50,10.4,15.9,5.9,6.5,2.22,19.1
2017,214,6,35.6,25.7,29.3,83,35.9,62.5,1.6,14.2,0,35.8,31.1,32.9,32.4,32,32.2,2.9,2.1,94,41,10.3,16,4.3,5.3,2.51,21.1
2017,215,6,39.9,26,30.8,80.2,22.1,57.5,2.13,24.51,0,38.3,30.2,33,34.9,31.9,32.8,2.3,.5,111,71,12.5,16.3,6.8,7.3,2.43,20.6
2017,216,6,39.5,23.5,31.6,83.2,22.2,49.8,2.7,27.66,0,35,28.2,31.4,33.1,31.8,32.2,2.1,.9,189,61,10.9,15.4,7.7,7.6,2.14,18.5
2017,217,6,40.2,26.6,33.3,69.3,19.2,39,3.37,26.98,0,37.3,27.8,32.1,31.9,31.3,31.5,2.5,1.6,178,48,7.6,16.5,8.2,8.3,1.86,16.1
2017,218,6,39.6,25.3,32.9,50.6,13.6,29.9,3.74,28.5,0,39.1,28.6,33.7,31.9,31.4,31.6,2.4,1.7,159,43,7.2,16.1,8.8,8.3,1.4,11.8
2017,219,6,40.9,24.4,33.3,49,10.8,24.4,4.18,28.52,0,40,29.9,34.7,32.3,31.9,32,1.9,1.2,166,47,6.9,15.8,8.8,7.9,1.13,8.6
2017,220,6,41.7,21.4,32.9,58.9,10.5,25.5,4.09,28.43,0,40.7,30.2,35.3,32.6,32.2,32.4,1.3,.4,154,67,6.3,14.7,8.3,7,1.15,8.8
2017,221,6,43.1,23.2,34.3,53.7,10.7,25.2,4.45,27.75,0,41.3,31,35.9,33,32.6,32.8,1.3,.3,143,73,7.4,15.5,8.3,7.1,1.23,9.9
2017,222,6,40.8,26.6,33.8,67.9,18.4,34.6,3.56,16.17,0,38.7,32.7,35.2,33.3,33,33.1,2.8,1,146,65,14.3,16.5,5.8,7.4,1.77,15.5
2017,223,6,41,26.5,33.7,66.6,15,40,3.48,26.79,0,41.3,32.2,36.3,33.4,33,33.1,1.8,.5,220,70,6.1,16.5,7.8,7.5,1.93,16.7
2017,224,6,39.2,24.7,32.3,88,28,51.3,2.55,23.48,8.38,37.5,31.7,34.7,33.6,33.3,33.5,2.4,.1,194,78,11.2,15.8,6.8,7,2.39,20.2
2017,225,6,37.1,22.2,29.3,96.6,31.7,64.8,1.7,26.65,7.62,36.2,29,32.6,33.3,32.6,33,2.2,1.1,123,57,8.5,14.7,6.7,6.7,2.5,21
2017,226,6,39,25.1,32.3,83.4,19.6,45.3,2.92,27.36,0,39.2,29.1,33.5,32.7,32.1,32.4,2.1,1,177,58,6.1,16,7.9,7.5,2.04,17.5
2017,227,6,38.6,24.6,31.4,58.4,10.3,31.3,3.37,27.94,0,39.8,29.5,34.3,32.6,32.2,32.4,2,.9,184,61,6.8,15.8,8.2,7.6,1.35,10.9
2017,228,6,38.8,23,30.9,49.2,9.7,25,3.64,28.19,0,38.5,29.2,33.5,32.8,32.2,32.5,2.9,2.6,156,28,8.7,15.1,9.4,8.9,1.01,6.9
2017,229,6,39.2,22.7,30.1,44.9,9.6,25.6,3.39,28.58,0,38.1,29,32.7,35.8,31.8,33.2,2.2,1.5,136,46,5.4,15.1,8.6,8.1,1.03,7.2
2017,230,6,40.4,20.4,30.5,65.9,10,30.8,3.37,28.05,0,33.4,26.1,29.7,33.2,31.6,32.2,1.2,.4,123,66,4.3,14.2,7.8,6.6,1.21,9.6
2017,231,6,39.8,23.5,32.7,61.1,13.6,28.3,3.81,27.2,0,35.7,25.5,30.2,31.6,30.8,31.2,2,.7,205,66,6.8,15.4,8.4,7.6,1.3,10.7
2017,232,6,38.2,25.7,31.7,48,16,32.9,3.3,19.57,0,36,27.7,31.5,31.2,30.9,31,1.7,1.1,162,48,5.6,16.1,5.9,6,1.49,12.8
2017,233,6,39.2,24.4,31.5,71.9,13.4,35.1,3.3,24.61,0,38.2,28.9,33.2,31.5,31.1,31.2,1.2,.3,302,69,5.1,15.7,6.8,6,1.49,12.5
2017,234,6,41.2,24.3,32.8,62,13.6,33.2,3.64,26.45,0,39.7,29.6,34.3,32,31.5,31.6,1.1,.4,129,65,4.8,15.8,7.4,6.4,1.53,13.2
2017,235,6,40.3,26.1,31.9,61.5,17.7,39.8,3.05,22.66,0,40.1,31,34.9,32.5,32,32.2,3.1,2.1,160,45,16.8,16.3,7.3,8.3,1.8,15.8
2017,236,6,38.5,23.6,31.3,71.4,20.5,41.7,2.91,26.46,0,39.6,30.6,34.7,32.6,32.3,32.5,2,1,89,58,8.4,15.4,7.5,7.1,1.79,15.6
2017,237,6,40.9,22.7,32.7,68.8,14.6,36.2,3.54,26.28,0,40.5,30.9,35.4,32.9,32.5,32.7,1.4,.7,124,68,5,15.1,7.5,6.6,1.63,14.2
2017,238,6,42.5,26.9,34,54.8,12.9,29.6,4,26.34,0,41.2,31.7,36.1,33.3,32.9,33,2.2,1.4,124,49,10.8,16.6,8.3,8.1,1.5,12.9
2017,239,6,41.8,26.6,34.2,62.6,15.1,33.7,3.87,25.84,0,41.6,32.7,36.8,33.7,33.3,33.4,1.5,.6,84,62,6.9,16.5,7.7,6.9,1.69,14.7
2017,240,6,42.8,25.5,35,59,10.3,28.3,4.36,25.62,0,41,32.9,36.8,33.9,33.6,33.8,2.2,1.3,101,51,11.7,16.2,8.4,8,1.45,12.2
2017,241,6,41.7,24.4,33.8,58.9,13,31.6,3.96,25.32,0,41.1,32.5,36.5,34.1,33.8,33.9,1.4,.9,93,48,6.1,15.8,7.5,6.6,1.51,12.8
2017,242,6,41.3,25.7,34.3,57.6,13.3,26.1,4.26,25.13,0,41,32.7,36.5,34.2,33.8,34,1.7,.9,100,57,6.9,16.3,7.9,7,1.33,11.1
2017,243,6,41.8,22.8,32.4,48.5,6.5,22.4,4.06,25.9,0,36.5,29.7,33.5,35.4,34,34.4,1.9,1.2,107,47,7.2,15.3,8.3,7.3,1.01,6.9
2017,244,6,41.9,21.6,32,58.8,11.4,30,3.75,25.06,0,33.5,26.3,29.8,34.1,32.4,33.1,1.5,.4,165,68,8.2,14.8,7.3,6.6,1.29,10.3
2017,245,6,37,26.1,31.3,76.5,25.8,49.4,2.46,16.3,0,32,27.1,29.5,32.4,31.6,31.9,2.1,1.1,199,56,7.5,16.2,4.8,5.5,2.18,18.7
2017,246,6,38.4,25.4,31.7,69,22.9,45.5,2.73,23.78,0,36.8,26.9,31.3,31.6,31,31.3,2.6,1.9,239,42,7.8,16,7.2,7.3,2.04,17.7
2017,247,6,40.1,24.5,32.4,72.9,22.5,43.5,3.04,24.21,0,38.2,29,33.3,31.8,31.3,31.5,2.3,1.7,258,42,8.3,15.7,7.3,7.2,1.98,17.1
2017,248,6,41.4,24.7,33.6,61.3,13.7,32.6,3.81,24.18,0,39.1,30.1,34.3,32.2,31.7,31.9,1.4,.5,255,65,4.8,15.9,7.2,6.4,1.58,13.7
2017,249,6,42.2,23.5,33.2,64.1,9.8,29.3,3.99,23.84,0,38.5,30.5,34.4,32.5,32.2,32.3,1.5,.4,146,70,7.6,15.6,7.3,6.4,1.33,10.9
2017,250,6,39.6,25.3,32,59.9,17.7,36.8,3.18,21.63,0,38.9,30.8,34.3,32.7,32.4,32.5,2.8,1.3,165,60,15.4,16,7.2,7.6,1.69,14.7
2017,251,6,36.5,23,29.9,69.6,21.2,41.7,2.65,20.65,0,37,30.4,33.4,32.8,32.4,32.6,2.6,.8,176,67,10.2,15,6.6,6.6,1.66,14.5
2017,252,6,35.5,23.5,29.2,72.8,29.5,49.7,2.19,19.81,0,37.6,30.4,33.5,32.6,32.2,32.4,2,.9,25,59,7,15.1,5.6,5.6,1.94,17
2017,253,6,40,23.3,31.5,72.2,19.5,41.8,3,23.72,0,38.4,30.2,34,32.5,32.2,32.4,1.4,.7,38,59,6.3,15.3,6.7,6,1.79,15.6
2017,254,6,41.3,23.5,33.1,61.8,16,33.7,3.69,23.33,0,39,30.6,34.5,32.7,32.4,32.5,1.5,.5,174,66,6.1,15.6,7,6.2,1.57,13.7
2017,255,6,42.8,24.2,34,58,13.3,28.1,4.14,23.44,0,39.5,31.1,35.1,32.9,32.6,32.8,1.6,.4,263,70,6.2,15.8,7.3,6.6,1.38,11.7
2017,256,6,41.3,24.3,33.9,54.1,14.3,27.3,4.08,21.51,0,38.9,31.7,35.1,33.1,32.8,33,2.2,1.4,244,49,11.6,15.7,7.4,7.1,1.36,11.4
2017,257,6,39.5,22.8,31.4,50.6,17.8,32.9,3.29,20.96,0,34.2,26.6,31.2,33.2,32.3,32.9,4.3,3.6,203,34,13.6,15.1,8.6,9.2,1.45,12.5
2017,258,6,36.2,21.4,28.5,63.7,14.2,33.7,2.82,23.95,0,29.4,24.1,26.4,32.6,30.8,31.6,2.9,2.1,192,42,9.9,14.2,7.7,7.4,1.2,9.3
2017,259,6,36.3,18.2,27.6,51.4,16.7,29.9,2.8,23.72,0,31.2,21.8,26.3,30.8,29.5,30,2.2,1.4,168,47,8,12.8,7,6.5,1.07,7.8
2017,260,6,37.5,17.7,28.2,59,11.9,27.4,3,23.67,0,33.2,24.1,28.4,29.7,29.3,29.5,2.1,1.2,203,55,7.8,12.8,7.4,6.7,.99,6.6
2017,261,6,37.8,14.8,27.3,64.7,6.3,24.5,3.13,24.38,0,33.6,24.2,28.7,29.6,29.2,29.4,2,1.3,169,47,7.4,11.5,7.3,6.6,.75,2.5
2017,262,6,38.4,17,27.8,67.1,8.2,26.5,3.07,23.53,0,33.5,24.9,28.9,29.6,29.2,29.4,3,2.3,188,40,9.6,12.6,8,7.9,.91,4.7
2017,263,6,37.7,17,28,60.5,9.9,25,3.14,23.41,0,33.3,25.1,28.9,29.6,29.2,29.4,3.2,2.5,172,39,8.8,12.5,8.2,8.1,.88,4.1
2017,264,6,37.1,18.7,28.1,39.4,9.6,21.7,3.19,23.27,0,32.6,25.1,28.7,29.5,29.1,29.3,3.8,2.9,192,40,10.2,13.1,8.9,8.8,.78,3.1
2017,265,6,31.7,17.8,24.8,50.3,14.6,31.1,2.24,22.24,0,32.9,25.3,28.9,29.4,29,29.2,2.2,1.4,236,47,6.2,11.7,6.4,5.7,.98,6
2017,266,6,29.4,11.9,21.6,52.8,11.2,23.1,2.15,23.4,0,31.6,23.9,27.6,29.3,28.8,29,2,1.1,244,53,6.6,8,6.6,5.4,.55,-1.4
2017,267,6,29.7,10.8,20.9,62.1,6.4,23.4,2.13,23.36,0,31.1,22.9,26.7,28.9,28.3,28.6,1.6,.8,270,56,6.3,7.7,6.3,5,.5,-3.4
2017,268,6,31.1,10.1,20.4,39.7,7.1,20.2,2.16,23.47,0,31.1,21.9,26.2,28.4,27.8,28.1,1.2,.6,153,58,4.3,8.1,5.8,4.6,.43,-4.9
2017,269,6,31.9,10.7,21.6,45.4,7.7,19.9,2.31,20.63,0,30.6,22.2,26,28,27.5,27.8,1.8,.1,279,78,6.3,8.5,5.8,5.2,.46,-3.9
2017,270,6,32.8,16.7,23.6,46,8,19.3,2.55,22.57,0,31.5,23.1,27,27.7,27.4,27.6,1.9,.7,144,64,5.4,11.5,6.4,5.6,.52,-2.3
2017,271,6,34.1,11.2,22.8,65.7,11.5,27.4,2.32,22.3,0,33.7,22.7,27.4,31.7,27.1,28.7,1.2,.3,158,72,4.2,9.3,5.8,4.6,.7,1.7
2017,272,6,36.5,14.3,25.2,57.2,11.3,24.8,2.75,21.92,0,28.3,21.3,24.6,28.9,27.2,27.9,1.3,.3,261,69,4.8,11.1,6,4.9,.72,2.1
2017,273,6,36.6,15,25.9,57.2,9.6,23.4,2.91,21.9,0,27.4,20,23.4,27.3,26.4,26.8,1.6,.6,196,62,5.8,11.4,6.4,5.3,.69,1.6
2017,274,6,37.2,17.6,27,33.4,8.3,19.6,3.15,21.96,0,28.8,19.5,23.8,26.5,25.8,26.1,3,2.6,166,31,10.7,12.7,7.6,7.6,.64,.6
2017,275,6,33.2,17.7,25.4,48.5,13.6,25.5,2.57,21.7,0,30.1,21.3,25.4,26.2,25.9,26,2.3,.7,186,67,7.7,12,6.7,6,.8,3.5
2017,276,6,36.5,13.6,25.6,61.2,6.1,25.1,2.79,21.85,0,29.9,21.7,25.7,26.3,26,26.2,2.8,2.1,168,41,8.1,10.8,7.3,7,.72,2
2017,277,6,36.6,15.9,26.7,65.3,16.7,29.4,2.76,21,0,31.9,22.8,27,26.6,26.2,26.4,1.3,.2,288,74,6.5,11.8,5.9,4.8,.97,6.4
2017,278,6,37.1,19.8,28.2,49.6,11.8,23.9,3.13,20.4,0,32.7,24.8,28.5,27.2,26.6,26.8,1.3,.4,213,69,5.1,13.7,6,4.8,.86,4.7
2017,279,6,35.7,15.6,25.4,45.9,5.8,19.4,2.9,21.45,0,31.8,23.9,27.6,27.4,27.1,27.2,1.6,.8,244,56,6.7,11.6,6.4,5.1,.55,-2
2017,280,6,34.9,10,22.8,64.1,5.5,22,2.56,21.64,0,31.1,22.3,26.4,27.4,26.9,27.1,1.1,.1,183,76,4.2,9.1,5.8,4.3,.5,-3
2017,281,6,35.5,9.5,22.9,48.1,6.3,19.6,2.62,21.26,0,30.5,21.6,25.8,27.1,26.6,26.9,1.3,.1,137,79,5.9,9.1,5.8,4.7,.47,-3.6
2017,282,6,30.9,13.3,22.1,56.6,10.1,24.8,2.21,20.17,0,29.7,22.3,25.7,26.9,26.4,26.6,1.7,.9,345,55,6,9.2,5.7,4.6,.59,-.9
2017,283,6,33.4,11.1,22,49.6,11,24,2.28,19.54,0,28.8,21.1,24.8,26.6,26.1,26.4,1.6,1.3,28,36,6.1,9.2,5.5,4.7,.6,-.5
2017,284,6,35.9,13.5,24.9,55.7,12.4,29,2.59,20.03,0,30.4,21.9,25.8,26.3,25.9,26.1,1.5,.2,68,75,5.7,10.7,5.8,4.8,.82,4
2017,285,6,34.9,11.1,24,69.7,7.6,25.1,2.56,20.47,0,32.9,22.1,26.9,31.3,26.1,27.8,1.5,.5,142,68,4.8,9.4,5.7,4.8,.64,.5
2017,286,6,34.6,12.3,23,66.2,11.5,30,2.2,19.57,0,26.8,20,23.2,27.8,26,26.7,1.2,.2,117,75,4.2,9.8,5.1,4.2,.8,3.5
2017,287,6,33.9,12,23.2,66.2,10.9,29.7,2.25,19.96,0,25.8,18.8,22.1,26,25.1,25.5,1.3,.5,153,64,4.2,9.6,5.3,4.2,.78,3.4
2017,288,6,34.4,10.7,22.4,64.5,6.7,25.9,2.33,19.88,0,25.9,17.8,21.6,25.1,24.4,24.7,1.1,.1,304,76,4.4,9.2,5.3,4,.61,-.3
2017,289,6,34.8,12.7,23.9,60.6,14.7,31.2,2.26,19.09,0,27.3,18.6,22.7,24.6,24.1,24.4,1.5,1.1,75,43,7.6,10.1,5.5,4.5,.93,5.4
2017,290,6,36.1,15,24.9,61.1,15.1,35.9,2.27,16.43,0,28.8,20.4,24.2,24.7,24.3,24.5,.9,.2,98,74,4,11.3,4.2,3.4,1.09,8.1
2017,291,6,36.7,14.6,25.1,76.7,11.4,34.5,2.36,18.03,0,29.7,21.2,25.1,25,24.6,24.8,1.2,.1,164,76,5.4,11.3,4.9,4.1,1.01,7.1
2017,292,6,35.2,18.1,26.7,52,12.4,24.9,2.82,16.22,0,29.8,22.9,25.9,25.4,25,25.1,1.7,.8,167,57,4.5,12.6,5.1,4.6,.82,4.1
2017,293,6,31.5,15.6,23.8,49.5,18,30,2.19,18.11,0,28.1,21.8,24.9,25.5,25.2,25.4,3.1,2.1,229,46,9.4,10.6,6.2,5.8,.87,4.8
2017,294,6,28.2,13.3,20.8,72,20.9,40.2,1.59,17.55,0,28.2,21.3,24.4,25.4,25,25.2,1.6,.6,252,65,5.9,8,4.5,3.7,.95,6.1
2017,295,6,32,9.5,20.4,71.8,8.6,30.2,1.98,18.28,0,27.8,20,23.6,25.3,24.7,25,1.2,.1,27,78,4.8,8.2,4.7,3.6,.62,0
2017,296,6,34.4,10.2,21.9,62.6,8.3,24.9,2.33,18.57,0,28.1,19.7,23.6,25,24.5,24.7,1,.1,220,76,5.1,9.2,4.9,3.4,.57,-.9
2017,297,6,35.5,11.8,23.4,58.5,10.3,26.6,2.44,17.76,0,28.1,20.2,24,24.8,24.5,24.6,1.6,1.1,69,46,5.5,9.9,5.2,4.5,.7,1.9
2017,298,6,34.4,17.2,25.5,44.9,11.1,22.7,2.69,17.49,0,28.1,21.7,24.4,24.8,24.6,24.7,2.8,2.4,57,33,9.8,12,6.3,6.1,.7,1.9
2017,299,6,33.8,11.4,22.4,69.1,10.1,25.9,2.3,17.46,0,29.5,20.6,24.4,26.8,24.5,25.3,1.5,.8,218,56,6,9.3,5,4.1,.63,.3
2017,300,6,32.3,8.9,20.8,65.3,9.7,27.3,2.08,17.47,0,24.4,17.6,20.8,25.3,24,24.5,1,.3,200,68,3.5,8.1,4.4,3.2,.59,-.5
2017,301,6,33.2,10.3,20.7,57.6,9.4,27.6,2.05,17.11,0,23.2,16.4,19.6,24,23.1,23.5,1,.1,47,75,5.2,8.8,4.4,3.3,.61,-.1
2017,302,6,33.2,10.2,20.9,57.1,10.8,26.8,2.09,17.01,0,23.4,16.1,19.5,23.1,22.5,22.8,1,.4,174,65,4,8.8,4.3,3.3,.6,-.2
2017,303,6,29.6,10.8,21,61.8,16.5,30.7,1.86,12.26,0,22.4,16.3,19.2,22.7,22.2,22.4,1.8,.5,160,68,6.8,7.6,3.6,3.8,.73,2.4
2017,304,6,25.8,13.8,19.8,68.7,31.5,47.5,1.29,10.21,0,22.2,17,19.6,22.3,21.9,22.1,2.1,1.4,148,47,6.1,7,2.7,3.2,1.08,8
2017,305,6,29.2,13.1,20.9,66.3,15.9,45.5,1.54,16.08,0,24.2,17.5,20.6,22.1,21.8,22,1.9,1.3,197,44,8.8,8.4,4.3,3.7,1.04,7.5
2017,306,6,27.6,12.3,20,80.1,29,54.8,1.18,14.38,0,24.8,18.5,21.3,22.3,22,22.1,1.5,.9,167,52,6.2,7.2,3.2,2.9,1.24,10.1
2017,307,6,27.4,11.6,19.8,82.1,34.3,55.7,1.14,12.37,0,24.4,18.3,21.2,22.4,22.1,22.3,1.1,.2,118,72,4,6.9,2.6,2.5,1.25,10.2
2017,308,6,29.9,16.2,21.5,71.1,20.1,47.7,1.47,11.77,0,24.4,19.7,21.7,22.5,22.3,22.4,1.9,1.1,178,51,8.6,10.3,3.3,3.5,1.17,9.2
2017,309,6,27.8,13.1,19.9,72.2,24.5,47.9,1.34,15.43,0,25.3,18.6,21.7,22.5,22.3,22.4,1.9,1.1,217,52,6.4,7.7,3.9,3.5,1.07,7.8
2017,310,6,27.9,10.4,19.4,71.8,22.9,42.8,1.46,14.36,0,24.8,18.2,21.2,22.6,22.2,22.4,1.3,.9,151,47,4.2,6.8,3.4,2.9,.91,5.6
2017,311,6,27.1,14.1,20.4,67.1,27.1,43.3,1.47,9.33,0,23.9,19.4,21.5,22.5,22.3,22.4,.9,.2,176,71,4,7.9,2.2,2.2,1.01,7
2017,312,6,27.9,14.5,20.9,71.3,29.7,49.2,1.34,14.67,0,25.5,19.6,22.3,22.6,22.4,22.5,1.1,.2,180,75,5.1,8.4,3.3,2.6,1.18,9.4
2017,313,6,29.8,13.1,20.4,77.8,23.7,47.4,1.43,15.24,0,29.3,19.4,23.6,25.3,22.4,23.4,1,.4,182,62,4.2,8.6,3.4,2.7,1.08,8.1
2017,314,6,29.8,9.9,18.9,82.6,18.5,45.9,1.4,15.13,0,23.7,18,20.8,23.9,22.9,23.3,.8,.1,178,77,4,7.6,3.3,2.4,.93,5.9
2017,315,6,29.7,9.3,18.8,69.3,14.6,38.3,1.54,15.3,0,22.7,16.1,19.2,22.9,22,22.4,.8,.3,122,64,4,7.4,3.4,2.4,.78,3.3
2017,316,6,29.6,8.2,18.4,72.4,12.4,35.5,1.61,13.92,0,21.2,15.3,18.1,22.1,21.4,21.7,1,.1,294,78,3.9,7.1,3.3,2.7,.66,1.1
2017,317,6,30.4,12,19.9,67.5,13.6,33.5,1.73,11.62,0,21.3,15.8,18.3,21.4,21,21.2,.7,.3,150,61,3.2,8.5,2.7,2.1,.73,2.4
2017,318,6,30.1,8.9,18.5,66.9,12.1,34.9,1.62,13.92,0,22.3,15.3,18.5,21.1,20.7,20.9,.7,.1,190,75,3.1,7.5,3.2,2.2,.67,1.2
2017,319,6,28.6,7.7,17.7,65.5,12.6,32.4,1.58,13.04,0,22.1,15,18.4,20.9,20.5,20.7,.9,0,233,81,2.7,6.5,3,2.3,.59,-.4
2017,320,6,30.3,7.9,18,68.1,11.2,31.9,1.63,14.06,0,25.5,15.4,20.1,21.2,20.2,20.8,.8,.3,142,67,3.3,7.3,3.2,2.3,.6,-.3
2017,321,6,28.6,9.9,19.3,66.2,16.9,33.2,1.67,10.63,0,19.7,15.8,17.6,21.1,20.4,20.7,1.6,.9,286,52,6.7,7,3.2,3.1,.7,1.8
2017,322,6,24.8,9.5,17.1,69.5,19.2,38.3,1.32,14.34,0,19,14.5,16.5,20.4,19.9,20.1,1.8,1.3,349,44,5.9,5.1,3.6,3,.71,2
2017,323,6,26.5,5.3,15.7,55.3,12.2,26.5,1.49,14.56,0,18.1,12.1,14.9,19.9,19.1,19.5,1.6,1.1,355,48,5.3,5.1,3.8,3.2,.44,-4.4
2017,324,6,25.5,3.9,14.1,68.5,13.5,33.5,1.24,12.39,0,18.2,11.6,14.7,19.1,18.6,18.9,.9,.2,159,73,3.2,4.5,2.7,2,.49,-2.9
2017,325,6,25.5,6.3,15,69.7,13.7,33.7,1.28,12.53,0,19,12.3,15.4,18.7,18.3,18.5,1.3,.2,252,76,4.8,4.8,3,2.6,.54,-1.8
2017,326,6,29.4,6.4,17.2,66.8,11.5,34.2,1.55,13.66,0,20.5,12.9,16.4,18.5,18.3,18.4,1.3,.7,71,56,4.8,6.6,3.5,2.8,.62,.1
2017,327,6,29.7,7.7,17.8,62.7,14.6,32.5,1.62,13.82,0,21.5,13.7,17.2,18.8,18.5,18.6,.8,.4,166,60,3.3,7,3.2,2.2,.61,-.1
2017,328,6,31.3,7.1,17.1,72.8,13.3,37.4,1.47,13.37,0,21.5,14.2,17.5,18.9,18.7,18.8,.7,.1,159,76,3.1,7.6,2.9,2.1,.67,1.2
2017,329,6,29.9,7.4,17.1,64.1,15.4,38.2,1.43,13.55,0,21.8,14.5,17.8,19.1,18.8,19,.6,.2,152,64,2.4,7,2.8,1.8,.7,1.8
2017,330,6,30.5,6,17.4,73.9,12.5,36,1.56,13.75,0,21.8,14.5,17.8,19.2,18.9,19.1,.8,.3,178,64,2.8,7.1,3,2.1,.63,.4
2017,331,6,28,5.8,17.4,71.6,15.2,35.5,1.51,11.15,0,20.4,14.3,17.4,19.2,18.9,19.1,1.5,.5,237,65,4.9,5.9,2.9,2.9,.64,.6
2017,332,6,23,6,14.5,61.6,19.9,38.1,1.12,12.11,0,20.1,14.2,17.1,19.1,18.8,19,1,.4,182,64,5.5,3.6,2.5,2,.6,-.2
2017,333,6,24.2,8.9,16.2,66.7,17.6,37.8,1.26,9.17,0,19.7,14.7,17,19,18.6,18.8,.9,.1,206,74,3.3,4.7,2,1.8,.66,1
2017,334,6,22.7,13,16.8,69.1,21.1,43.6,1.12,4.38,0,18.6,16.3,17.3,18.9,18.7,18.8,.7,.2,150,67,2.7,5.1,.9,1.5,.81,3.9
2017,335,6,23.9,11.8,16.7,72.5,23.8,45.5,1.11,6.35,0,19.3,15.8,17.2,18.8,18.6,18.7,.9,.6,154,49,4.6,5.2,1.3,1.8,.84,4.4
2017,336,6,28.8,12,19.4,69.4,18.9,39.6,1.5,11.95,0,21.8,15.7,18.2,18.9,18.6,18.7,1.2,.2,196,74,7.6,7.8,2.8,2.5,.84,4.5
2017,337,6,26.7,8.4,17.6,67.6,23.3,42.6,1.28,11.5,0,21,15.5,18.1,19,18.9,18.9,1.4,.8,158,50,5.5,5.7,2.8,2.4,.82,4.1
2017,338,6,22.6,8.1,15.1,75.3,15.8,40.5,1.11,11.83,0,19.6,14.9,17.1,19.1,18.8,19,2,1.4,244,46,6.6,3.8,3,2.8,.66,.4
2017,339,6,15.3,6,10.8,60.1,19.4,35.2,.86,3.18,0,16.1,14,14.8,18.9,18.2,18.6,.9,.4,200,62,5.3,.6,.8,1.4,.46,-4.2
2017,340,6,22.7,6.5,13.8,68.3,14.9,35.4,1.15,12.64,0,18.5,12.9,15.2,18.2,17.7,17.9,2,1.5,355,43,6.3,3.5,3.4,2.9,.51,-2.7
2017,341,6,18.1,1.8,10.3,47.1,9.6,21.6,1.06,13.22,0,16.6,11.2,13.8,17.9,17.3,17.6,2.2,1.7,25,37,7.9,1.4,3.4,2.8,.25,-11.6
2017,342,6,19.3,-.2,8.5,56.8,12.3,31.7,.88,13.03,0,16.4,9.6,12.7,17.4,16.7,17,1.1,.6,154,56,4,1.7,2.5,1.8,.32,-8.6
2017,343,6,22.8,-1.6,10.6,72.3,11.8,33.8,1.06,12.53,0,16.4,9.4,12.7,16.8,16.2,16.5,1.2,.7,10,50,4.7,2.8,2.7,2.1,.37,-6.6
2017,344,6,24.3,5.7,15.7,46.8,10.5,21.1,1.52,9,0,16.1,11.3,13.6,16.4,16.2,16.3,3.1,2.5,41,37,9,4.2,3.7,4.4,.35,-7.3
2017,345,6,25.5,6.6,15.4,46,9.6,22.7,1.48,11.14,0,17.9,12.6,14.7,16.5,16.3,16.3,1.5,.9,12,50,5.2,4.8,3,2.7,.37,-6.9
2017,346,6,24.6,2.8,11.8,63.3,8.6,31.9,1.14,9.49,0,16.1,11,13.4,16.6,16.2,16.4,1.6,.9,45,55,9.3,3.9,2.6,2.8,.38,-6.3
2017,347,6,25,2.5,12.7,53.8,10.1,26.7,1.24,12.72,0,17.3,10.4,13.5,16.3,15.9,16.1,1,.1,266,76,3.9,4,2.8,2,.36,-7.2
2017,348,6,21.4,-.4,11.3,68.7,12,33.3,1.05,12.27,0,16.5,9.9,13.1,16.2,15.8,16,1.5,1,326,47,5.4,2.4,2.7,2.3,.4,-5.7
2017,349,6,21.1,3.7,12.8,59.4,14.6,29.9,1.13,12.58,0,16.8,11,13.6,16,15.8,15.9,2,1.2,22,50,8.6,2.6,3.3,2.7,.42,-5
2017,350,6,19.4,1.2,9.3,70.8,14.9,38.1,.82,7.45,0,14.8,10,12.2,16,15.5,15.7,1,.2,127,72,6.1,1.7,1.4,1.7,.42,-5.2
2017,351,6,15.4,5.5,10.7,95,39.6,77.4,.29,6.76,4.32,14.3,11.1,12.4,15.6,15.3,15.4,2.3,.9,46,62,8.6,.6,.9,1.2,1.01,6.7
2017,352,6,18.5,3.6,10.4,97.5,43.7,77.8,.37,12.3,0,16,9.6,12.5,15.4,15,15.2,.9,.6,183,48,3.7,1.6,1.7,1.3,.95,6.2
2017,353,6,19.8,1.2,9.5,99.4,27.4,75.1,.42,12.43,0,15.8,9.1,12.1,15.3,14.9,15.1,.7,.3,166,65,3.6,1.9,1.8,1.3,.84,4.4
2017,354,6,20.1,1,9.7,97.6,29.1,68.9,.52,12.58,0,15.7,8.8,12,15.1,14.7,14.9,.9,.5,156,58,4.3,2,1.9,1.5,.77,3.2
2017,355,6,13,2.1,9.1,76.8,14.2,34.2,.79,13.02,0,13.9,9.9,11.6,14.9,14.7,14.8,3.4,3,267,26,10.2,0,3.4,2.6,.39,-6.8
2017,356,6,14.4,-3.5,5.1,83.1,19.2,46.9,.55,12.88,0,13.8,6.8,10,14.8,14.1,14.4,.9,.1,129,77,3.6,.2,2,1.3,.38,-6.4
2017,357,6,14.9,-1.7,5.7,80.7,23.4,51.9,.53,9.57,0,12.8,7,9.7,14.1,13.6,13.9,.8,.3,188,62,2.8,.3,1.3,1.2,.44,-4.3
2017,358,6,21.5,-1.6,8.5,83.1,15.2,49.3,.75,12.9,0,14.6,6.9,10.4,13.7,13.3,13.6,.8,.4,169,59,3.3,2.4,2.1,1.5,.48,-3.3
2017,359,6,20.4,-.4,8.7,81.2,18.8,49.4,.72,11.31,0,14.5,8.1,10.9,13.7,13.4,13.6,.9,.2,183,72,3.1,2.1,1.9,1.6,.51,-2.6
2017,360,6,19.2,-.8,9.1,80.6,19,47.6,.75,11.04,0,14.4,7.7,10.9,13.7,13.4,13.6,.7,.3,196,64,2.6,1.6,1.8,1.3,.5,-2.7
2017,361,6,23.2,1.6,10.8,78.1,13.7,44.6,.89,11.3,0,15.4,8.9,11.8,13.8,13.6,13.6,.8,.2,155,69,3.2,3.2,2,1.6,.51,-2.4
2017,362,6,23.4,-.6,10.5,80.4,13.3,43.9,.94,13.19,0,15.7,8.2,11.6,13.9,13.6,13.8,.9,.3,194,69,3.6,3.1,2.5,1.8,.49,-3.1
2017,363,6,24.4,-.4,10.9,78.3,12.1,41.1,1,13.16,0,15.9,8.4,11.8,13.9,13.6,13.8,1.2,.4,170,65,3.3,3.6,2.6,2.2,.47,-3.6
2017,364,6,25.4,.2,10.8,74.8,12.1,41.5,.98,13.21,0,16,8.6,11.9,14,13.7,13.9,.7,.1,185,74,3.3,4,2.4,1.6,.47,-3.5
2017,365,6,18.9,.3,8.7,78.9,18.2,46.2,.71,8.21,0,13.9,8.7,11.2,14,13.7,13.9,.9,.2,199,70,2.8,1.5,1.4,1.5,.49,-3.1
