89,1,6,16.5,-5.7,4.5,86.7,19,49.3,.6,12.76,0,12.8,2.9,6.7,11.7,4.9,7.9,1.6,.5,184,67,3.2,2.2,.7
89,2,6,15,-3.5,5.7,68.1,31.5,50.7,.5,7.06,0,11.4,3.3,7.1,10.9,5.5,8.1,1.7,.4,159,70,4.3,1.1,.3
89,3,6,23.3,1.7,12.1,87.5,28.5,58.2,.7,10.6,0,16.2,6.5,11.1,14.6,8,11.2,1.5,.4,301,69,4,2.1,3.3
89,4,6,16.4,8.4,12.4,93.8,66.3,83.4,.3,9.31,15,16.4,10.6,13.2,15.5,12,13.4,3.4,2.1,203,50,10.6,1.5,1.1
89,5,6,17.2,5.7,10.4,94.7,57.4,85.4,.2,11.74,0,17.7,8.6,12.2,16.2,10,12.7,2.2,1.7,156,40,5.2,1.6,1.2
89,6,6,13.4,3.4,7.2,95,50.7,81.2,.2,5.29,2,13.4,6,9.4,12.7,8.2,10.6,3.6,1.8,228,57,8.3,.5,.1
89,7,6,11.6,-2.2,3.8,93.4,36.2,70.7,.3,13.64,0,14.5,3.6,7.5,13.1,5.7,8.6,1.3,.3,211,70,3.8,1.8,0
89,8,6,11.2,-3.6,2.7,95,28.8,72.2,.3,13.73,0,13.2,3.1,6.7,11.9,5.1,7.8,1.4,.4,308,70,3.5,1.8,0
89,9,6,14.2,-4.1,4,87.9,21.1,60,.4,13.73,0,13.2,2.9,6.9,11.8,4.8,7.7,1.6,.4,302,70,3.4,2,.2
89,10,6,17.8,-2.7,5.4,95,25,70.2,.4,12.35,0,14.8,3.5,8.1,13.1,5.2,8.7,1.4,1.1,151,36,3.2,1.7,1
89,11,6,14.6,-1.9,6.6,95.2,36.7,63.3,.5,13.36,0,18.6,4.4,10,17.5,6.1,11,3,2.4,269,38,6.3,2.6,.3
89,12,6,12.3,-.3,6.1,50.7,17.5,32.2,.7,14.14,0,11.4,4.5,7.4,11.2,6.8,8.7,3.8,3.6,354,19,8.2,3.6,0
89,13,6,14.5,-2.3,5.5,77.8,24.6,44.8,.6,13.91,0,13.5,3.3,7.2,12.2,5.1,8.1,2.5,1.6,16,49,6.7,2.8,.2
89,14,6,15.6,-4.6,4,92.6,23.1,63.1,.4,14.07,0,14.4,3.1,7.5,12.7,5,8.3,1.4,.2,200,75,2.7,2.1,.5
89,15,6,15.5,-4.5,4.3,93.5,22.3,61.6,.4,14.08,0,14.4,3.3,7.7,12.7,5.3,8.4,1.6,.3,244,72,3.6,2.3,.4
89,16,6,17.9,-4,5.3,89,17.1,56.4,.6,14.24,0,14.7,3.2,7.9,13,5.1,8.6,1.8,.7,216,64,4.1,2.6,1.1
89,17,6,18.6,-3.4,6.3,85,17.3,53.5,.6,13.34,0,14.8,3.7,8.5,13.1,5.6,9,1.8,.8,217,60,3.8,2.5,1.4
89,18,6,22.3,-.9,8.6,78.3,14,48.8,.8,14.52,0,21.2,4.8,12.4,20,6.7,12.9,1.8,.6,212,66,4.3,2.9,2.7
89,19,6,22.5,-1.8,8.8,80.4,14.6,49,.8,14.58,0,17.7,5.7,10.9,16.3,8.3,12,1.7,.6,198,66,3.5,2.9,2.7
89,20,6,23.5,-.4,12.3,83.6,14.1,38.2,1.2,13.32,0,14.5,4.9,9.7,13.8,7.4,10.7,5,4.3,82,31,11.6,5.3,3.2
89,21,6,20.3,8.2,13.6,50.5,18.2,32.9,1.1,9.67,0,16.5,8.5,11.9,15.2,9.9,12.4,3.3,2.8,57,31,8.1,3.3,2.8
89,22,6,23,4.1,12.1,78.2,16.3,47.8,.9,14.34,0,19.7,8,12.7,17.7,9.7,13.1,1.5,.4,162,68,3.9,2.9,3.4
89,23,6,23.7,2.4,12.4,82.9,16.3,45.4,1,13.92,0,19.8,7.4,12.6,17.8,9.4,13,1.8,.3,227,75,4.7,3,3.5
89,24,6,17.6,6.3,11.6,92.5,32.8,57.8,.6,10.09,2,17.1,8.8,12.3,15.6,10.6,13,3.8,3.1,176,36,9.1,2.5,1.4
89,25,6,15.8,7.4,10.1,94.4,54.3,83.4,.2,12.76,5,18.4,10.3,13,17.1,11.4,13.5,2.1,1.2,335,54,6.4,1.8,.8
89,26,6,15.4,5.7,10.1,94.3,54.8,82.2,.3,9.4,1,16.5,8.7,12.1,15.6,10.4,12.9,1.6,.6,241,65,8.5,1.1,.6
89,27,6,13.7,4.6,8.5,95,62.4,86.4,.2,8.92,0,15.1,8.4,11.3,14.4,10.2,12.3,2.4,1,191,61,6.2,1,.1
89,28,6,14.3,2.1,7.7,95.3,51.7,81.9,.2,12.07,0,16.6,6.8,10.9,15.6,8.9,11.9,1.6,.2,219,75,4.1,1.5,.2
89,29,6,18.3,-1.3,7.8,95.8,25.7,68.1,.5,15.52,0,17.8,4.8,10.4,16.1,7.3,11.3,2,1,21,56,6,2.7,1.3
89,30,6,21.6,.6,10.5,91.1,16.7,54.3,.8,15.95,0,19.4,5.5,11.4,17.3,7.7,12,2,1.1,37,55,5.3,3.4,2.5
89,31,6,21.7,2.3,10.8,88,27.7,61.5,.6,11.29,0,18.2,7.3,11.9,16.7,9.2,12.5,1.4,.3,174,72,3.1,1.9,2.7
89,32,6,21.1,8.1,14.2,75.2,22.5,52.3,.9,14.05,0,20.5,10.4,14.3,18.7,11.8,14.6,2.7,1.6,192,50,7,3.4,3.1
89,33,6,20.8,5.6,12.7,89.6,23.2,57.6,.8,15.9,0,20.6,8.7,13.5,18.8,10.7,14.2,2.9,1.5,182,56,6.8,3.5,2.7
89,34,6,19.1,2.3,11.2,85.3,37.5,59.6,.6,15.8,0,20.6,7.5,13.1,18.5,9.7,13.7,2.4,1,220,61,6,3.2,1.7
89,35,6,19.9,5.2,13,84.1,28.4,52.3,.8,14.71,0,20.7,9,14.1,18.2,10.6,14.1,4,3.2,202,37,8.6,3.9,2.2
89,36,6,14.3,4,10.1,60.6,30.5,44.5,.7,3.49,0,14.5,10.1,13.1,14.7,11.4,13.5,4.7,3.4,261,43,8.4,1.8,.3
89,37,6,9.3,-1.7,3.5,50.6,29.3,38.3,.5,15.01,0,16.7,5.7,10.3,14.8,7.6,10.9,2.9,2.3,342,37,6.4,2.9,0
89,38,6,9.3,-2.2,2.8,58.8,32,39.1,.5,8.99,0,13.5,5.5,8.7,12.5,7.1,9.5,2.1,1.4,322,46,4,1.6,0
89,39,6,17,-1.4,7.4,72,31.6,51.1,.6,10.6,0,17.4,5.9,10.6,15,7.4,10.6,1.6,.4,9,70,4.1,1.9,.9
89,40,6,21.5,8.8,14.4,58.3,15.8,35.7,1.1,8.78,0,18.6,10.8,14,17.8,11.2,14.2,2.8,1.2,76,62,9.1,3,3.4
89,41,6,21.5,8.7,14.7,68.9,26.5,45.3,1,10.09,0,19,11.3,14.8,17.7,12.5,15,1.4,.6,268,62,4,2.1,3.3
89,42,6,21.5,3,12,87,23.5,53.7,.8,17.48,0,21.3,8.4,13.7,19.1,10.3,14.2,1.7,.8,226,58,4.2,3.6,2.7
89,43,6,18.3,1.9,10.2,71.1,18.8,42.1,.8,16.95,0,18.7,6.9,11.9,17,9,12.7,2.7,1.6,246,51,5.8,3.9,1.4
89,44,6,16.7,.1,8.8,66.8,22.1,41,.7,17.29,0,19.9,6,12.1,17.5,8.1,12.4,1.9,.6,189,66,4.3,3.4,.8
89,45,6,17.5,-1.3,8.4,70.3,20.9,43.1,.7,15.05,0,18.8,6.5,12.1,16.9,8.5,12.4,2.2,1,210,61,5.3,3.1,1
89,46,6,19.7,3.4,10.8,64.9,18.7,38.7,.9,17.91,0,22,8.6,14.2,19.3,10,14,1.8,.4,317,70,4.4,3.8,2
89,47,6,23.7,.4,11.2,67.2,17.7,41.4,1,18.14,0,24.9,7.7,15.4,22.9,9.4,15.7,1.7,.7,233,63,4.1,4,3.4
89,48,6,25.2,3.3,13.7,70.7,27.4,47.7,1,17.54,0,23.1,10.2,15.8,20.2,11.5,15.6,1.8,.5,43,70,5.8,4,4.3
89,49,6,27,6.8,16.2,65.7,15.4,40.1,1.3,18.36,0,22.5,10.7,15.7,20,11.6,15.4,3,1.3,88,60,8.8,5,5.5
89,50,6,24,7.8,15.9,57.9,14.3,33.2,1.4,16.42,0,22.8,11.3,16.1,20.1,12.2,15.7,3.6,2.4,239,47,8.1,5.2,4.3
89,51,6,22.8,5.8,14.8,52.9,13.8,30.7,1.3,18.85,0,23.5,10.9,16.4,20.6,11.9,15.9,3.4,2.2,277,48,8.2,5.4,3.5
89,52,6,22.2,3.1,12.9,43.3,13.5,24.5,1.2,19.53,0,23.6,9.8,15.8,20.7,11.2,15.5,2.2,1.1,332,56,4.9,4.8,2.9
89,53,6,25.7,0,12.8,56.1,12,27.4,1.3,18.38,0,24.4,8.9,15.9,20.7,10.3,15.2,1.7,.4,279,71,3.6,4.3,4.1
89,54,6,27.9,1.3,14.2,55,11.3,27.9,1.5,18.66,0,28,10,18.3,25.5,10.9,17.9,1.6,.3,226,74,3.3,4.5,5.2
89,55,6,28.4,3.7,15.4,57.8,11.3,27.7,1.6,16.7,0,24.1,11.4,17.1,21.2,12.7,16.9,1.7,.4,286,72,3,4.2,5.7
89,56,6,29.4,3.8,15.4,52.9,10.9,28.4,1.6,18.02,0,23.6,10.5,16.5,20.8,11.7,16.1,1.5,.4,200,69,2.8,4.3,6.2
89,57,6,29.9,4.1,17.1,55,11,27.3,1.7,19.55,0,26.1,11,17.6,22.3,11.9,16.7,1.8,.8,250,62,5.2,5.1,6.4
89,58,6,28.8,10,19.9,50.4,11.5,23.2,1.9,19.81,0,27.9,14,19.7,23.9,14.2,18.4,2.6,1.4,272,54,7.7,5.8,7.1
89,59,6,28.1,5.2,16.5,48.1,11.5,26.7,1.6,17.94,0,27.4,12.8,18.9,23.2,13.4,17.7,1.7,.7,228,64,4.7,4.6,5.8
89,60,6,25.6,7.6,16.5,44.1,12.4,26,1.6,20.16,0,26.8,12.9,19.2,23.1,13.4,18,2.6,1.2,217,59,5.9,5.6,5
89,61,6,17.8,10.5,14.3,65.6,24.9,39.5,1,4.43,0,21.4,14.7,18,20.1,15.3,17.6,2.8,2,155,42,5.8,1.7,1.9
89,62,6,17.4,6.2,11.9,85.5,17.1,40.5,.9,16.52,0,18.5,9.7,14.3,16.8,11.1,14.3,5.3,3.3,267,49,12.4,5.1,1.3
89,63,6,16.3,.6,8.7,34.3,16.2,22.9,.9,21.13,0,22,6.7,13.4,18.6,8,12.8,2.2,1.4,306,49,4.8,4.5,.7
89,64,6,20.9,-1.1,9.6,54.2,13.7,29.9,1,21.86,0,23.7,8.4,15.1,20.1,9.2,14.1,1.9,.3,282,74,5.9,4.8,2.2
89,65,6,25.1,1.7,13.8,51.7,12.4,25.1,1.4,21.44,0,26.1,9.5,16.8,21.9,10.2,15.6,2,.7,57,65,6.6,5.4,4.1
89,66,6,29.6,4.9,16.7,53.1,10.7,27.1,1.7,21.21,0,28.4,11.7,19,23.9,12.1,17.4,1.6,.3,199,74,3.5,5.3,6.4
89,67,6,32.2,6.4,19,64.8,9.7,26.7,2,21.71,0,29.7,13.3,20.4,25.2,13.4,18.8,1.7,.2,338,77,3.9,5.6,7.6
89,68,6,31.9,8.9,19.5,43.8,9.5,23.6,2,21.88,0,31.9,14.4,22,29.1,14.7,21.3,1.8,.4,253,72,3.8,5.8,8.1
89,69,6,33.8,7.5,19.8,57.2,9.1,26.1,2.1,22.14,0,28.3,15.7,21.2,25.2,16.4,20.5,1.8,.6,251,67,3.5,5.9,8.3
89,70,6,30.4,8.6,18.9,58.7,10.6,29.1,1.8,17.43,0,25,14.4,19.2,22.7,15.2,18.8,1.7,.6,267,66,3.5,4.6,7.5
89,71,6,31.9,7.3,19.5,64.2,9.4,25.7,2,21.91,0,29.5,13.8,20.7,25.3,14.4,19.4,2,.6,248,67,5.3,6,7.8
89,72,6,29.8,12.8,20.9,36,10.8,21.5,2.1,18.06,0,28.4,17,21.7,24.8,16.6,20.3,2.7,1.4,232,56,5.9,5.8,8.5
89,73,6,28.7,10.5,18.8,30.1,11.2,18.2,1.9,22.7,0,30.3,14.7,21.4,26.4,15.5,20.3,2.2,1,222,61,4.9,6.3,7.2
89,74,6,29.5,9.6,18.7,45,10.6,26,1.8,22.06,0,30.9,15.5,22,26.6,15.8,20.6,1.9,.4,189,71,3.4,5.7,7.3
89,75,6,28.3,9.5,19.1,61.1,12.2,29.2,1.8,22.73,0,32.7,16,22.9,29.7,16.1,22.3,2.6,1.6,237,51,6.3,6.4,6.8
89,76,6,29.3,10,19.1,48.7,10.6,27,1.8,23.23,0,28.1,16.1,21.2,25,16.6,20.4,2.3,.7,233,67,4.9,6.3,7.4
89,77,6,31.2,8,19.2,54.7,9.7,24.6,2,23.45,0,29.5,14.3,21.1,25.8,15.1,20,2,.7,237,66,4.4,6.3,7.6
89,78,6,30.7,11.2,21.1,33.7,10.1,19.3,2.2,22.76,0,30.9,15.6,22.4,26.7,16,21,3.2,2.2,236,46,7.7,7.4,8.3
89,79,6,27.3,10.5,20.4,31.4,11.3,17.7,2,22.84,0,30.1,18.5,23,26.5,18.3,21.7,4,2.3,317,54,9,7.8,6.5
89,80,6,26.1,5.3,16,47.4,11.8,20.4,1.6,24.86,0,30.2,14.5,21.4,26.3,15.3,20.3,2.3,1.1,22,57,6.4,6.6,4.9
89,81,6,28.5,4.4,16.2,56,10.8,28.4,1.6,23.59,0,30.5,14.1,21.4,26.5,14.9,20.3,1.7,.4,213,71,4.2,5.8,5.8
89,82,6,29.7,4,17.8,50,10.5,23.7,1.8,24.11,0,29.7,14.7,22,27.2,15.3,21.5,2.5,1.2,211,58,6.3,6.8,6.3
89,83,6,28.6,8,18.8,39.4,11.5,21.3,1.9,24.11,0,27.4,14.3,19.9,24.4,15.4,19.5,2.7,1.2,223,61,6.5,6.9,6.6
89,84,6,27.3,10.4,18.7,89.8,11.9,26.1,1.8,22.1,2,28.4,13.8,20.6,24.8,14.6,19.5,3.5,1.8,211,56,12,6.5,6.5
89,85,6,14.5,7.8,11.5,93.1,64.5,87.9,.2,7.8,31,20.4,15.1,18,20.2,15.4,17.7,2.7,.8,82,68,6.6,.8,.4
89,86,6,19.5,6,12.7,93.5,37.7,74.7,.5,25.03,0,26.6,13.2,18.9,23,13.4,17.7,2,1,255,58,5.7,4.6,2.1
89,87,6,25.4,6.5,15.9,93.6,17.6,61.9,.9,25.57,0,28.9,13.5,20.6,25,14,19.2,2.1,1.2,226,53,5,5.5,4.8
89,88,6,27.3,11.1,18.8,82.2,14.7,48.9,1.4,25.57,0,32,15.7,22.7,27.5,15.7,21,2.4,1.2,185,58,5.6,6.2,6.7
89,89,6,29.6,10.4,19.7,89.7,10.6,48.9,1.5,26.29,0,33.4,16.7,24,29,16.9,22.4,1.7,.5,257,69,4.6,6.2,7.7
89,90,6,32.5,9.4,20.4,86.9,9.7,39.9,1.9,26.4,0,32.3,16.7,24.5,29.3,17.5,23.6,1.6,.1,263,78,3.5,6.5,8.3
89,91,6,30.7,14.2,21.4,46.9,10.4,26.5,2.1,23.46,0,28,16.8,21.8,24.9,17.7,21.1,4,2.2,223,55,9.2,8.1,9.6
89,92,6,30.7,11.6,20.9,48,11.2,28.9,2,25.33,0,32.9,16.4,23.7,28.6,16.7,22.2,2.3,1.1,216,59,5.3,6.9,8.5
89,93,6,31.9,12.9,21.5,50.6,10.5,28.8,2.1,25.95,0,33.9,17.8,24.9,29.8,18.3,23.5,2.1,.8,198,64,4.4,7,9.3
89,94,6,33.8,11.1,21.9,80.5,8.5,35.2,2.1,26.89,0,34.9,18.2,25.7,30.7,18.7,24.2,1.8,.9,193,58,4.5,7,9.3
89,95,6,35.5,11.7,23.7,61.8,7.7,23.9,2.6,27.66,0,35.1,18.7,26,31,19.1,24.6,2.6,1.8,5,45,6.2,8.5,9.9
89,96,6,37.6,10.2,23.8,61.7,7.1,24.8,2.7,27.99,0,34.1,18.7,26.1,31.8,19.2,25.3,1.8,.1,244,80,4,7.7,9.8
89,97,6,38.6,11.1,23.9,51.9,6.6,21.7,2.8,27.77,0,32.3,18.3,24.7,29.4,19.1,23.8,1.9,.7,270,65,4.7,7.9,10.2
89,98,6,38.1,12.5,24.6,44.3,6.7,17.9,2.9,27.83,0,35.7,18,25.8,31.7,18.8,24.5,2,.8,238,63,5.5,8.2,10.6
89,99,6,37,17.2,27,18.8,7.2,11.9,3.4,27.79,0,35.9,20.3,27.1,32.1,20.5,25.6,3.4,2,217,53,6.9,9.7,12.5
89,100,6,36.3,12.6,24.6,34.7,7.5,14.1,2.9,27.94,0,36.6,19.9,27.3,32.8,20.3,25.9,1.9,.7,251,65,4.8,8.1,10.2
89,101,6,34.3,13.1,24.2,27.9,8.3,14.1,2.8,25.12,0,35.3,20.8,27.3,31.3,21,25.8,2.6,.9,210,66,5.2,7.8,10.1
89,102,6,32.7,14.1,23.8,24.9,9.1,15.1,2.7,27.17,0,35.9,20.5,27.4,31.6,20.4,25.6,3.3,1.7,227,56,6,8.7,10.2
89,103,6,32.2,15,23.2,46,9.8,21.2,2.4,27.13,0,34.1,22.1,27.5,31.4,21.9,26.5,1.9,.8,167,62,4.3,7.4,10.5
89,104,6,33.8,12.6,23.2,49.8,8.5,21.9,2.5,27.73,0,33.1,19.5,25.6,29.4,20.1,24.5,1.8,.8,217,61,6.2,7.6,9.7
89,105,6,33.7,13.3,24,46.4,8.6,17.9,2.7,24.07,0,33.3,19,25.7,29.7,19.4,24.3,2.3,1.1,202,59,7,7.2,10
89,106,6,35,13.9,24.3,35.6,8.1,16.7,2.8,27.96,0,36.2,20,27.2,31.8,20.1,25.4,2.8,1.2,212,61,5.9,8.7,10.6
89,107,6,35.1,12.1,23.5,44.3,7.9,16.6,2.7,27.23,0,32.1,20.8,26,29.2,20.7,24.7,2.1,.6,151,69,5.1,8,9.8
89,108,6,36.8,12.2,24.7,42.8,7.3,17.2,2.9,28.75,0,34.3,19,25.9,30.5,19.1,24.2,1.8,.4,161,72,4.2,8.1,10.2
89,109,6,38.8,12.9,25,45.3,6.8,15.7,3.1,27.86,0,37.1,19.8,27.5,32.8,19.8,25.5,1.9,.3,281,75,4.3,8,10.8
89,110,6,40.4,13.7,26.2,44.7,6,16.3,3.3,26.77,0,38.6,20.9,28.5,33.2,21.2,26.7,1.8,.3,324,75,5.5,8,11.4
89,111,6,38.8,17.5,27.3,25.7,6.7,13.4,3.4,25.01,0,36.6,23.1,28.2,34,22.8,27.4,2.5,.8,246,67,8.3,8.2,12.9
89,112,6,33.7,15.7,24.8,17.7,8.6,12.7,2.9,22.78,0,30,21,25.2,27.5,21.4,24.3,2.4,1.3,221,54,4.7,7.1,11.2
89,113,6,32.2,11.4,22.3,22.2,9.1,14,2.5,29.7,0,34.9,18.3,25.8,30.7,18.8,24.4,2.7,1.7,233,50,6.2,8.9,8.9
89,114,6,27.8,11.5,19.6,27.3,11.5,16.5,2,27.94,0,30.1,19.8,24.6,27.3,20.3,23.9,3.3,2.5,256,39,8.8,8.5,7
89,115,6,26.4,8.3,18,45,12.4,21.3,1.8,28.87,0,30.2,16.7,22.9,26.9,17.4,21.9,3.1,2.1,231,45,6.9,8.1,5.5
89,116,6,21.8,10,15.8,33.6,13.6,20.3,1.5,30.29,0,31.2,17.5,23.6,27.6,17.7,22.2,3.4,3,258,29,7.1,8.1,3.7
89,117,6,26.3,5.5,16.4,44.9,11.7,21.2,1.7,30.04,0,34.7,16.9,24.9,31.7,17.3,24.2,1.9,.4,204,73,5.4,7.2,5
89,118,6,28.7,7.2,18.2,32.7,10.7,16.7,1.9,29.99,0,31.3,17.1,23.6,28.1,18.2,22.9,2.2,.8,199,63,5.3,7.8,6.4
89,119,6,30.4,9.6,19.9,25.9,10.1,15.9,2.2,29.82,0,33.4,17.2,24.6,29.5,17.8,23.4,2.2,1.1,233,58,5.4,8.1,7.8
89,120,6,32.7,12.1,22.4,22.6,8.9,14.9,2.5,28.89,0,35.8,19.2,26.7,31.6,19.7,25.3,2.1,1.3,190,51,5.4,8.1,9.3
89,121,6,34.7,13.5,23.5,23.7,8.3,14.7,2.7,28.67,0,34,21.3,27.1,31.3,21.5,26.3,2.1,1,211,59,5.4,8.3,10.4
89,122,6,35.3,13.1,24.8,25.6,7.9,14,3,28.73,0,33.3,19.6,26,30.6,20.3,25,2.5,1.2,224,59,6.9,8.7,10.3
89,123,6,36.9,16.6,26.3,29.4,7.6,14,3.2,30.37,0,37.2,20.1,28,33.4,20.9,26.8,2.5,1.4,213,53,5.7,9.3,12.2
89,124,6,37.7,14.2,26.5,36.5,8.2,18.5,3.2,28.79,0,35.7,22.9,28,33.4,23.2,27.6,2.3,1.2,223,57,5,8.7,11.2
89,125,6,39.8,16.8,27.9,30.9,6.8,16.1,3.5,29.7,0,33.8,20.4,26.6,31.4,21.5,26.1,2,1,191,59,4.6,8.9,12.7
89,126,6,37.9,16.6,27,32.4,7.7,17.4,3.3,23.04,0,34.5,21,27.4,31.6,21.9,26.6,2.3,1.1,196,59,4.9,7.2,12.4
89,127,6,40.8,13.8,27.9,42.4,6.2,17.8,3.6,30.55,0,38.4,21.6,29.4,35.6,22.2,28.3,2,1.2,226,51,4.2,9.1,11.5
89,128,6,42.6,17.7,30,28.5,5.6,12.9,4.2,30.12,0,34.9,23.9,28.6,32.7,24.6,28,2.3,1.2,223,58,5.5,9.6,13.3
89,129,6,38.7,21.9,30,19.6,6.9,12.5,3.9,25.85,0,35.1,22.8,27.7,32.2,23.2,26.9,5,4.3,186,30,10.8,11.2,14.7
89,130,6,30.4,14.8,23.7,40.5,14.2,25.2,2.3,27.01,0,36.6,22.1,28.6,33,22.7,27.6,3,2,248,46,6.8,8,9.8
89,131,6,24.1,12.1,18.1,37.2,14.4,25.5,1.6,27.14,0,29.4,19,24.5,27.5,20.4,24.6,4.5,4.1,264,24,8.5,8.2,5.4
89,132,6,26.9,9.1,18.5,48.6,18.4,31.9,1.6,27.16,0,29.9,16.7,23,27.2,17.7,22.4,2.4,1.3,224,54,5.7,6.9,5.9
89,133,6,29.7,11.5,20.8,44.1,13.6,26.5,2,27.71,0,34.3,18.2,25.7,30.8,18.9,24.6,3.4,2.2,207,47,7.3,8,7.9
89,134,6,29.3,11.2,21.3,46.1,15.6,26.5,2,29.78,0,34.7,20.2,27.1,31.6,20.9,26.1,2.7,1.6,208,52,9.1,8.2,7.7
89,135,6,26.6,13.5,20.5,39,21,29,1.8,24.29,0,31.9,21.2,25.4,29.6,22.2,25.3,3.4,2.7,193,39,7.7,7.2,7.3
89,136,6,23.2,12.6,17.6,59.7,36.2,42.6,1.2,18.57,0,26.6,18.8,22,24.9,19.8,22.1,3,1.8,161,51,6.7,4.8,5.1
89,137,6,29.9,10.3,20.7,79.1,25.2,47.1,1.5,30.24,0,33.2,17.9,25.1,29.8,18.6,23.9,2.3,1.4,249,52,6.4,7.6,7.8
89,138,6,35.5,15.6,24.9,51.1,12.9,31,2.4,30.79,0,33.5,21.1,26.9,31.2,21.4,26.2,2.3,1,202,60,5,8.4,11.5
89,139,6,36.7,15.3,25.4,38.2,9.7,21.5,2.9,31.51,0,34.6,19.4,26.7,31.6,20.6,25.8,2.3,.9,196,64,5.4,9,11.6
89,140,6,37.7,14,26.4,39.2,8.1,20.4,3.1,31.89,0,38.2,20.9,28.9,34.9,21.7,27.8,2.1,.9,238,62,5.1,9.2,11.2
89,141,6,38.3,16.6,27.7,28.4,8.1,16,3.5,29.2,0,35.9,22.9,29,34.2,23.6,28.5,3.3,2.5,229,41,8,9.9,12.4
89,142,6,38.6,15.7,28.5,31,6.9,14.1,3.7,28.69,0,36.9,22.9,29.5,34.3,23.9,28.8,3,1.9,236,49,7.9,9.8,12
89,143,6,39.5,15.4,29.1,22.7,6.8,12.2,3.9,32.42,0,33.2,23.2,27.5,31.4,24,27.3,3.2,2.2,234,46,7.2,10.9,12
89,144,6,36,21.4,28.8,14.7,8.2,11.6,3.6,32.57,0,36.3,21.8,28.4,33.4,22.5,27.5,4.5,4.2,265,18,7.7,11.8,14.3
89,145,6,34.8,13.5,25.9,28.4,9.8,14.9,3,32.23,0,31.6,21.4,26.1,30.3,23.1,26.5,3.2,2.6,260,37,7.3,10.3,10.4
89,146,6,36.7,15,26.1,39.2,8.2,17.2,3.1,32.23,0,36.1,19.1,27,33.3,20.5,26.3,2,.2,186,76,5,9.2,11.4
89,147,6,38.2,15.9,27.9,39.6,8,20.9,3.3,31.85,0,38.5,22,29.6,35.5,22.9,28.7,3.1,1.7,220,55,7,10.3,12.1
89,148,6,37.9,16.9,28.1,40.9,8.6,24.5,3.2,31.52,0,38.5,23.6,30.6,35.8,24.6,29.8,3.9,3.1,206,38,9.2,10.7,12.5
89,149,6,36,17.6,26.5,46.4,11.2,25.2,2.8,31.23,0,38.2,23.9,30.4,35.3,24.9,29.8,3.7,2.9,227,37,8.4,10.2,12.5
89,150,6,30.9,13.1,23.1,40.2,11.1,20.3,2.5,31.86,0,36.2,22.4,28.8,33.7,23.8,28.6,2.9,1.9,255,46,7.4,9.5,9.1
89,151,6,34.2,10.4,23.3,41.2,9,20.4,2.6,32.64,0,37.7,21,28.8,35,22.7,28.5,1.9,.5,232,69,5.2,8.9,9
89,152,6,36.1,14.4,25.8,34.8,8.3,17.5,3.1,32.46,0,33.7,21.7,27.2,32.3,23.4,27.7,2.5,.9,232,65,5.6,9.5,11
89,153,6,35.6,13.9,25.3,28.9,8.1,15.1,3,32.62,0,35.1,18.8,26.3,32.6,20.9,26.4,2.6,1.1,228,61,5.8,9.7,10.7
89,154,6,35.3,16.7,26,24.2,8.7,14.8,3.1,31.83,0,36.8,20.7,28.3,34.3,22.4,28.1,2.9,1.5,216,57,6.7,9.8,12
89,155,6,36.7,16,27.2,38,9.2,18,3.3,31.39,0,37.2,22.4,29.5,35.1,24,29.2,3.2,1.9,203,53,7.6,10.3,11.9
89,156,6,36.7,17.6,27.1,28.2,7.9,16.3,3.3,32.17,0,37.2,23.3,29.8,35.2,24.7,29.5,3.5,2.3,202,46,8.3,10.7,12.6
89,157,6,35.4,15.7,25.9,28.3,8.7,16.4,3,32.3,0,38.1,22.9,29.9,35.4,24.3,29.5,2.6,1.4,237,55,6.2,9.8,11.5
89,158,6,37.7,16,27.4,32,8.6,16.1,3.4,32.1,0,38.8,22.9,30.3,36.6,24.6,30,2.5,1.3,219,56,5.1,9.7,12
89,159,6,36.3,16.3,26.8,28.5,9.1,17.4,3.2,32.08,0,33.3,23.3,27.9,32.9,25.1,28.7,2.6,1.4,212,56,6.1,9.8,12
89,160,6,37.4,16.7,27.4,28.5,8.1,17.3,3.3,32.56,0,34.8,20.1,26.8,33.7,22.4,27.5,2.8,1.8,202,47,6.4,10,12.3
89,161,6,37.1,17.3,28.6,42.6,9.8,22.5,3.3,31.82,0,38,22.1,29.5,36.5,24.6,30,3,1.5,213,57,5.8,10,12.5
89,162,6,38.1,17.7,28,37.3,7.9,20.6,3.3,32.25,0,39.4,23.6,30.8,37.8,25.9,31.2,2.3,1.3,216,53,5.7,9.6,12.8
89,163,6,37.4,17.7,27.6,33.3,8.9,18.7,3.3,31.91,0,38.6,23.6,30.6,37.3,26,31.2,2.5,1.5,223,52,5.7,9.7,12.7
89,164,6,40.9,20,31.3,32,7,17.3,4.1,29.1,0,38.5,25,31.3,37.5,27.1,31.9,3,2,247,46,6.2,9.8,14.1
89,165,6,41.9,21.6,31.8,26.6,7.2,15.5,4.3,31.26,0,40.5,25.7,32.4,38.8,27.9,32.9,2.8,2,222,43,6.1,10.3,14.8
89,166,6,42.2,19.9,31.8,33.2,7.5,17,4.3,31.04,0,35.1,25,29.6,35.1,28,31.3,2.9,2,241,45,6.7,10.5,14.2
89,167,6,42.1,20.1,32,45.3,7.3,19.8,4.2,31.05,0,37.8,22.4,29.3,36.6,25.5,30.4,2.7,1.7,242,50,6.5,10.2,14.3
89,168,6,42.9,21.2,31.5,40,6.4,21.2,4.1,31.83,0,41.3,24.2,31.9,39.7,26.9,32.6,2.3,1.2,204,57,5.4,10,14.8
89,169,6,43.8,19.3,31.9,37.9,5.3,19.2,4.4,32.31,0,41.8,24.6,32.4,39.7,27.5,33.3,1.9,.5,215,69,4.2,9.8,14.1
89,170,6,41.6,22.1,30.8,34.7,6.1,21.2,3.8,17.59,0,36.1,26.4,30.7,35.6,29,32,2.6,.8,256,67,10.3,6.4,15
89,171,6,42.3,21.1,32.1,38,7.6,20.2,4.3,27.46,0,39.9,25.8,32.1,38.1,27.9,32.7,2.3,1.5,265,49,6,9,14.7
89,172,6,41.4,24.1,33.4,42.4,6.6,17.7,4.5,30.51,0,40.5,27.6,33.1,39,29.6,33.7,4.1,3.1,261,39,7.6,11.5,15.7
89,173,6,39.3,17.6,29,35.2,6.5,14.7,3.7,32.41,0,34.3,24.1,29.3,34.8,27.5,31,2.4,1.1,254,59,5.5,10,13
89,174,6,40.2,18.5,29.1,33.3,6.6,14,3.8,32.38,0,36.1,20.1,27.3,34.6,23.4,28.4,3.8,3,190,36,7.1,11.5,13.4
89,175,6,39,18.8,29.1,33.3,8.1,16.9,3.6,31.75,0,39.4,22.5,30.2,37.3,25.1,30.6,2.9,1.4,227,58,7.6,10.3,13.5
89,176,6,38,18,28.9,30.3,7.8,16.4,3.6,31.7,0,38.3,23.8,30.5,37.1,26.1,31.2,3.1,2,263,49,7.9,10.5,13
89,177,6,39.8,15.8,29.3,38.9,7.1,16.7,3.8,31.63,0,40.1,23.6,31.1,38.3,26.2,31.7,2,.5,246,69,4.9,9.5,12.3
89,178,6,40.8,19.3,29.9,36.7,7.1,20.3,3.7,27.98,0,39.4,24.9,31.4,37.9,27.2,32,2,1.2,221,52,4.5,8.6,13.8
89,179,6,40.3,22.4,31.2,49.6,15.7,32.5,3.3,28,0,41.5,26.7,32.7,39.5,28.6,33.2,2.9,1.6,219,53,10.5,8.7,15
89,180,6,42.3,21.2,31.5,65.1,7.8,33.3,3.6,31.23,0,36.8,26.2,30.8,36.1,28.8,32.1,2.1,1,233,57,5.5,9.3,14.7
89,181,6,42.4,19.2,31.9,55.7,5.8,19.7,4.3,32.06,0,38.1,22.9,29.7,36.6,25.8,30.7,2.2,1.2,243,55,5.7,10.1,13.9
89,182,6,42.2,18.6,31.1,48.9,6.7,23.2,4,30.82,0,40.7,23.8,31.5,38.3,26.3,32,2.5,1.2,215,59,5.6,9.8,13.7
89,183,6,42.2,19.9,31.1,45,5.9,23.8,4,32.11,0,41.6,25,32.5,39.3,27.3,32.8,2.1,1,221,60,5.9,9.8,14.1
89,184,6,43.7,19.2,31.7,51.2,5.2,24,4.2,31.64,0,41.7,26,33.1,39,28,33.1,2.1,1.5,221,46,5.3,9.8,14
89,185,6,45.8,19.4,32.8,48.9,4.5,21.2,4.7,30.8,0,41.6,26.1,33.2,38.7,27.6,32.7,2.4,1.5,238,50,6.2,10.1,14.3
89,186,6,42.8,23.4,33.5,46.3,9,24,4.3,30.83,0,42.1,28.2,34.4,39.1,29,33.6,2.8,1.1,243,63,6.6,10.2,15.5
89,187,6,42.8,24.4,34,46.2,10.7,26.3,4.2,27.45,0,37.2,27.6,31.9,34.9,29.3,31.7,2.6,1,249,63,5.3,8.9,15.8
89,188,6,43.6,25.5,34.8,42.5,7.7,24.5,4.5,30.13,0,38.3,25.5,31.3,36,26.6,30.9,2.5,1.2,226,59,7.4,9.7,16.2
89,189,6,40.8,25.7,33.1,43.6,14.2,27.9,3.9,25.82,0,40.8,28.1,33.5,37.4,28.3,32.3,3,1.7,234,53,8.6,8.9,16.3
89,190,6,40,23.6,31.3,47.5,18.7,32.3,3.3,29.51,0,42.1,28.4,34.2,38.7,28.5,32.9,3.1,1.5,189,58,7,9.4,15.5
89,191,6,38.5,23.2,28.2,68.5,25.7,48.5,2.1,19.08,0,40.8,28.6,32.3,36.9,28.8,31.4,3.2,1.8,154,54,10.6,6.1,15.2
89,192,6,36.6,22.1,28.7,83.5,26.6,51.1,2.1,29.59,0,41.8,27.9,33.8,37.8,27.5,31.9,1.9,.2,20,78,5,7.8,14.6
89,193,6,40.4,21.3,31,77.4,12.4,41.3,3.1,30.5,0,43.8,28.7,35.2,38.6,28,32.8,1.6,.1,146,78,4,8.5,14.6
89,194,6,42.7,19.7,32.2,69.8,8,32,4,31,0,37.8,28.2,32.4,34.5,28,30.9,2.1,.7,284,66,5.1,9.4,14.2
89,195,6,43.4,21.2,33.3,55.1,7.5,25.7,4.3,30.17,0,39.4,25.7,32,35.1,25.2,29.8,2.6,1.8,237,47,6.4,9.9,14.8
89,196,6,41,23.9,33.3,59.2,20.6,35.5,3.5,28.85,0,43.6,28.7,35.4,38.4,27.4,32.5,2.3,.6,230,70,5.1,8.7,15.7
89,197,6,39.2,26.1,31.9,57.4,24.4,40.9,2.9,19.64,0,40.9,30.9,35,36.7,29.4,32.5,2.2,1.2,198,55,6.3,5.8,16.3
89,198,6,41.1,24.3,32.6,61.3,16.1,35.8,3.5,28.27,0,45.2,30.2,36.2,39.4,28.7,33.3,2.1,.8,257,63,5.7,8.5,15.7
89,199,6,43.6,23,34.3,46,9.1,24.4,4.5,30.29,0,44.8,30.2,36.9,39.7,28.8,33.8,2.5,1.9,228,41,5.2,9.9,15.4
89,200,6,43.9,26.3,35.1,39.2,11.9,28.1,4.3,29.67,0,45.1,31.4,37.7,40,29.6,34.4,3.2,2.2,150,45,11.8,10.2,16.5
89,201,6,42.7,27.3,35.1,39.8,12.8,26.7,4.4,29.67,0,39.8,29,35.1,35.4,28.9,32.5,3.1,1.2,176,63,8.8,10.1,16.7
89,202,6,41.1,24.3,31.7,85.4,22,40.9,3,21.28,0,38.7,28.3,32,34.1,27,29.7,2.9,.2,297,79,15.8,7,15.8
89,203,6,38,23.7,29.6,92.5,33,62.3,1.8,23.31,0,42.3,29.6,34.6,36.9,27.5,31.2,2.3,.5,305,72,5.3,6.2,15.3
89,204,6,40.1,24.5,32,78.5,23.7,49.7,2.7,27.36,0,44.2,31,36.7,38.1,28.3,32.7,2.7,1.6,230,51,5.9,8.2,15.7
89,205,6,41.5,25.2,33.1,65,14,39.1,3.5,28.61,0,45.5,31.9,37.7,38.8,29,33.5,2.5,1.2,226,57,6,8.8,16.1
89,206,6,41.2,24.8,33,60.8,12.9,33.5,3.6,29.61,0,45.8,32.4,38.1,39.4,29.5,34,2.9,1.5,116,56,11.2,9.4,15.9
89,207,6,40.1,25.5,32.1,49.2,20,37.5,3.2,29.17,0,46.2,32.3,38.3,39.8,29.5,34,3.3,1.9,87,52,9.1,9.2,16.2
89,208,6,38.4,21.3,29.7,97.9,26.6,52.8,2.3,25.23,5,40.5,31.6,35.8,35.9,29.1,32.2,2.6,.4,211,75,9.3,7,14.4
89,209,6,34.7,21.2,26.9,97.3,36.5,75.5,1.1,24.92,2,39.4,30.3,33.9,34.1,27.1,29.9,1.8,.7,102,64,6.2,5.7,14
89,210,6,37.3,23.3,29.5,93.7,33.3,63,1.8,26.68,0,41.5,30.2,34.9,35.6,27.2,30.6,1.9,.8,207,62,5.3,7,15.2
89,211,6,38.9,22.9,30.8,92,29.3,56.8,2.3,29.06,0,45.6,31,37.2,38.5,27.5,32.4,2.5,2,173,38,6.6,8.2,15.1
89,212,6,39.7,26.1,31.9,74,24.2,48.8,2.6,26.56,1,46.3,33.5,38.5,39,29.8,33.7,2.5,.8,131,67,11.7,7.8,16.3
89,213,6,41.4,23.1,31.3,93.7,10.4,47.5,2.9,27.97,0,45.8,30.2,36.9,38.4,27,32.8,2.3,1.1,201,59,9,8.3,15.4
89,214,6,39.9,22,30.7,70.3,16.2,44.8,2.8,29.55,0,43.9,29.9,36.2,38.3,28.6,33,2.4,1.6,167,46,5.8,8.4,14.8
89,215,6,37.9,23.9,30.1,92.9,31.2,57.6,2,25.02,2,43.1,32.4,36.4,37.9,30.3,33.3,2.7,2.1,180,38,9.6,6.9,15.5
89,216,6,37.4,22.8,29.1,94.7,31.9,66.8,1.6,26.42,0,43.3,30.5,35.8,37.5,28.6,32.4,2.5,1.7,173,46,7.9,7,15
89,217,6,38.5,23.9,30.8,82.1,28.6,52.8,2.4,28.03,0,43.5,31.7,36.7,37.8,29.3,33.1,2.7,2.2,238,36,5.3,8,15.5
89,218,6,40.4,24.1,32.2,75.2,25.9,44.6,2.9,25.08,0,43.3,32.5,37.1,37.3,29.9,33.2,3.1,2.5,245,35,6,7.9,15.6
89,219,6,38.8,24.2,31,77,26.7,48.1,2.6,27.47,0,45.1,32.7,37.6,38.2,29.9,33.5,3.3,.8,151,71,16.2,8.3,15.6
89,220,6,39.3,24.3,31,68,18.8,42.9,2.8,27.58,0,44.1,32.8,37.4,37.6,29.9,33.2,2.9,1.9,128,48,8.2,8.6,15.7
89,221,6,37.8,23.5,30.1,68.8,16.1,45.6,2.2,25.31,0,44.1,30.1,35.6,37.3,29.1,32.6,3,2.8,186,22,8.3,7.8,15.2
89,222,6,34.7,23.8,28,82.8,39.1,63.8,1.5,18.77,0,39.8,28.3,31.9,37.2,29.4,31.9,2.5,1.9,220,40,5.1,5,15.1
89,223,6,37.6,22.2,29.5,94.9,34.5,62.2,1.8,23.38,0,36,27.4,31.1,34.1,28.5,31.5,2.1,1.1,188,56,5.4,6.1,14.7
89,224,6,39,26.4,32,64.3,30.7,45.5,2.7,26.65,0,35.9,25.8,29.9,33.7,27.4,30.3,2.4,1.6,257,48,9.1,7.8,16.4
89,225,6,41.7,25.2,33.9,68.8,18.7,37.3,3.6,28.23,0,39,25.3,31.3,36.1,26.9,31.1,3.1,2.4,250,37,6,9.2,16.1
89,226,6,41.6,27.3,34.2,52.2,18.7,33.7,3.7,27.94,0,41.3,27.8,33.8,37.9,28.9,33.1,3,1.6,191,55,8.5,9,16.7
89,227,6,41.4,25.2,32.7,60.9,19.6,38.3,3.3,27.77,0,42.8,28.3,34.2,39,29.5,33.7,2.5,.5,157,73,11.6,8.5,16.1
89,228,6,40.1,23.8,30.6,79.6,27.6,50.9,2.4,24.52,0,41.6,28.4,33.7,38.1,29.7,33.4,3.2,1.6,256,58,9.6,7.5,15.5
89,229,6,38.6,22,30.1,81.4,30.2,51.6,2.3,27.34,0,42.7,27.6,33.4,39,29,33,3.1,2.3,169,42,10.6,8,14.7
89,230,6,37.6,24.5,30.2,82.1,33.9,55.6,2.1,24.24,0,40.8,28.6,33.4,37.3,29.6,33,2.6,1.5,158,51,7.1,7,15.6
89,231,6,39.1,22,30.7,78.4,23.5,44.9,2.7,27.31,0,41.2,27.4,33.6,37.8,28.9,33.1,2,1.1,197,54,5,7.6,14.8
89,232,6,38.5,21.3,29.2,64.3,16.6,40,2.6,27.71,0,40.3,26.9,32.8,37.1,28.5,32.6,3.1,2.6,188,31,6.2,8.5,14.5
89,233,6,37.4,19.9,28,53.5,16.3,34.9,2.7,27.03,0,39.4,25.5,31.6,36.2,27.3,31.5,2.6,1.4,207,54,6.1,8.1,13.7
89,234,6,38.5,15.1,27.4,60.7,10.7,32.6,2.9,28.22,0,39.5,23.5,31.1,36.1,25.9,30.9,2.2,1.2,203,55,4.6,8.1,11.8
89,235,6,39.4,15.2,27.4,73.5,7.4,33.6,3,28.49,0,39.5,23.7,31.1,36.1,25.9,30.9,2.2,1.5,205,47,4.2,8.2,11.9
89,236,6,38,18,27.2,52.4,7.7,29.2,3,28.48,0,39.6,24.2,31.1,36,26.2,30.8,2.2,1.3,201,51,4.3,8.2,13
89,237,6,38.3,17.7,27.3,60.4,7.7,28.5,3,28.36,0,39.2,23.9,30.7,35.6,25.9,30.5,2.7,2,182,42,5.4,8.6,12.9
89,238,6,38.3,14.9,27.3,58,7.7,24.5,3.2,28.38,0,39.5,23.1,30.6,35.7,25.4,30.4,2.1,.5,201,71,5.9,8.3,11.6
89,239,6,38.2,17.7,27.5,61.6,7.9,31.8,2.9,27.64,0,39.9,24.2,31.2,36,26,30.7,1.8,.4,186,70,4.1,7.8,12.9
89,240,6,39.2,18,28,76.8,9.4,39.4,2.9,27.25,0,40.4,24.6,31.7,36.4,26.3,31.1,1.8,.4,198,71,3.6,7.6,13.1
89,241,6,41,17.7,29,69.7,7.3,33.1,3.3,26.78,0,40.5,24.5,31.7,36.3,26.3,31.1,1.9,.7,229,64,5.3,7.9,13.2
89,242,6,40,21,30.4,63.7,8.4,31.2,3.4,26.12,0,40.6,25.7,32.3,36.4,27.2,31.5,2.3,1.3,198,53,6.3,8.1,14.4
89,243,6,38.7,21.9,29.9,63,16.5,39.8,2.8,25.77,0,36.2,26.5,31.1,34.7,27.7,31.5,1.9,1.2,179,51,4.1,7.4,14.7
89,244,6,40.1,20.8,29.9,78.2,12.5,40.5,3,25.89,0,34.9,24.6,29,33,26.5,29.5,1.8,.5,227,69,5,7.5,14.4
89,245,6,35,22.8,29.8,84.5,36.2,51.1,2.2,15.52,0,31.2,24.8,28.1,30.5,26.2,28.6,2,1,210,57,5.6,4.5,14.7
89,246,6,32.2,20.7,25.4,96.7,39,83.9,.6,16.85,12,32.3,24.8,27.8,30.9,26.2,28.2,2.5,.7,21,69,7.2,3.7,13.3
89,247,6,38.2,21,28.4,96.5,28.1,68.7,1.6,24.9,0,35.4,24.8,29.3,33.2,26,29.3,1.4,.7,176,59,3.1,6.1,14.3
89,248,6,41.1,21.2,29.9,94.1,10,54.3,2.5,25.81,0,36.8,24.5,29.9,34.4,26,29.9,1.5,.4,196,68,3.2,7,14.6
89,249,6,40.7,22.8,30.6,80.1,15.2,48.9,2.7,24.87,0,38,25,30.8,35.3,26.6,30.6,1.9,1.2,177,50,4.8,6.8,15.2
89,250,6,40,22,29.9,79.8,11.1,42.6,2.9,25.72,0,35.4,25.4,29.4,33.6,27,30.1,2.6,1.5,211,52,6.4,7.9,14.8
89,251,6,36.8,20.7,28.7,58.8,8.9,26.6,3.2,26.13,0,30.6,23.2,26.8,30.2,25.1,27.7,2.7,1.6,258,51,6.5,8.6,14
89,252,6,37.7,13.9,25.6,62.1,7.3,27.9,2.8,26.28,0,34.1,20.3,26.6,32,22.7,27.1,1.8,.3,255,75,3.4,7.4,11.2
89,253,6,37.9,15.1,25,68.6,7.4,31,2.7,26.25,0,34.6,20.8,27.1,32.2,23.1,27.4,2,.2,120,77,3.7,7.3,11.6
89,254,6,37.2,15.5,25.7,68.3,8.4,35.9,2.6,26,0,34.4,22.1,27.5,32,23.9,27.7,2.6,2.1,192,37,7,8,11.8
89,255,6,36.9,14.8,25.6,60.4,9.7,29.8,2.6,25.33,0,34.6,21.6,27.5,32.1,23.6,27.7,2.2,.6,202,68,5.5,7.4,11.4
89,256,6,36,13.6,24.5,79.2,10.6,41.2,2.2,24.81,0,34.5,22.1,27.7,32.2,23.9,27.8,1.7,.7,176,62,4.2,6.5,10.6
89,257,6,38.2,13,24.5,85.4,7.3,40.1,2.4,24.89,0,33,21.7,27.4,31.4,23.6,28,1.6,.4,162,70,4.3,6.6,10.7
89,258,6,39.2,13.4,25.8,75.1,8.6,35,2.7,24.25,0,31.8,20.2,25.4,29.8,22.3,26,1.7,.8,234,59,3.6,6.8,11.1
89,259,6,40.7,19.4,28.3,62.9,7.5,32.6,3,22.64,0,32.5,22.3,26.6,30.5,23.7,26.8,1.8,.8,215,60,3.8,6.7,13.9
89,260,6,36.6,19.9,28.2,63.8,19.1,43.6,2.3,20.04,0,32.6,24,27.5,30.8,24.9,27.6,3.2,2.7,197,34,8.3,6.7,13.6
89,261,6,36.1,16.4,24.9,89.2,10.8,45.5,2.1,24.2,0,33.5,22.1,27,31.3,23.7,27.2,2.7,2.1,193,39,6.3,6.9,12
89,262,6,34,13.6,23,62,11.9,33.3,2.2,24,0,31.8,21,25.9,29.9,22.9,26.3,3.2,2.1,231,49,7.1,7.7,10.2
89,263,6,31,10.3,20.3,79.9,11.5,40.2,1.7,24.34,0,31.8,20,25.2,29.6,22,25.6,1.8,.3,227,74,4,6,8.1
89,264,6,36.7,8.8,21.5,70.9,7.4,34.4,2.2,24.74,0,31,18.9,25.1,29.6,21.1,26.1,1.7,.4,269,72,3.5,6.6,9.2
89,265,6,41.8,10.9,25.5,62.7,6.1,28.7,3.1,23.86,0,30.5,17.8,23.7,28.5,20.3,24.4,1.7,.4,236,70,3.7,6.8,10.6
89,266,6,39,20.2,30.1,45.5,14.5,27.5,3.3,20.86,0,30.5,21.1,25,28.7,22.5,25.2,4.6,3.7,103,35,10.8,8.6,14
89,267,6,39.8,18,28.4,61.7,9.3,31.9,3.1,22.43,0,33.5,21.5,26.8,30.9,22.9,26.6,1.8,.4,160,72,4.4,6.7,13.2
89,268,6,41.9,18.8,28.7,57.9,7.6,31.7,3.2,22.24,0,34.5,22.4,27.7,31.8,23.7,27.4,1.7,.8,182,60,4.7,6.6,13.8
89,269,6,41.3,21.8,30.2,44.7,6.1,18.3,3.8,21.99,0,33.8,23.2,27.5,31.4,24.4,27.5,3.2,2.7,146,32,7.9,8.4,14.9
89,270,6,39.2,17.5,28.8,27,6.6,12.9,3.7,22.79,0,33.3,21.6,26.7,30.8,23.4,26.8,3.3,3,97,25,7,8.6,13
89,271,6,39.3,16.1,26.8,36,6.4,14.6,3.3,23.3,0,31.5,21.1,26.1,30.1,22.9,26.9,2.4,1.5,71,50,6.2,7.7,12.3
89,272,6,40.3,11.4,24.5,51.9,6.1,24.2,2.9,23.26,0,29.5,18.3,23.2,27.8,20.7,24.2,1.8,.8,215,60,5.5,6.9,10.4
89,273,6,39,10.8,24.7,56.1,6.8,23.4,2.9,22.47,0,29.5,17.5,22.9,27.7,19.8,23.6,1.8,.5,203,67,4.2,6.6,10.1
89,274,6,38,15.1,25.5,40.8,7.3,21.1,3,22.24,0,30.5,18.2,23.6,28.4,20.3,24.1,2.5,1.8,180,41,4.6,7,11.7
89,275,6,37.9,14.3,25.2,35.5,7.9,17.9,2.9,20.84,0,30.1,18.5,23.8,27.9,20.4,24.1,3,2,184,47,7.1,7.4,11.3
89,276,6,28.3,18.8,22.6,96.7,24.2,50.6,1.4,5.63,1,25.7,21.8,23.3,26.8,22.9,23.9,2.7,1.7,154,50,7.7,2.3,10.7
89,277,6,23.2,17.5,19.5,97.4,77.2,93.5,.2,5.95,4,24.4,21.1,22.3,25.3,22.2,23,2.7,1.6,140,52,6.6,.6,7.6
89,278,6,28.8,17.1,21.6,97.3,41.8,75.5,.8,19.82,0,29.3,20.5,23.8,27.4,21.5,23.9,2.3,.8,133,64,4.9,4.3,10.2
89,279,6,31.3,13.9,21.4,96.4,23.2,66.3,1.2,20.93,0,30.1,19.4,24,28,20.9,24.2,1.4,.4,37,67,4.1,4.7,9.7
89,280,6,33.5,10.6,21.3,97.2,10.3,54.5,1.6,21.2,0,29.9,18.6,23.7,27.8,20.4,24,1.5,.1,174,77,4.6,5.1,9.1
89,281,6,35,11.5,22.2,82.4,9.1,43.5,2,20.98,0,30.3,19,24,28.1,20.7,24.2,1.6,.5,223,66,4.1,5.4,9.7
89,282,6,35.7,11.3,22.2,80.1,10.8,42.7,2,20.77,0,30.2,18.8,23.9,28,20.6,24.1,1.7,.5,219,67,5,5.5,9.7
89,283,6,37.4,11.3,22.9,75.7,8,38.7,2.3,20.73,0,30.7,18.8,24,28.3,20.6,24.2,1.5,.3,190,72,3.3,5.5,10
89,284,6,37.4,12.5,23.2,69.3,8.2,36.3,2.3,19.12,0,30.4,19.3,24.1,28.1,21,24.3,1.4,.1,177,79,2.6,5,10.4
89,285,6,37.4,12.9,23.3,62.6,7.7,33.6,2.4,19.19,0,30.2,19.3,24,28,20.9,24.2,1.5,.4,176,69,3.2,5.2,10.6
89,286,6,38.7,11.2,23.5,65.5,7.1,32.2,2.5,19.9,0,28.8,18.8,23.5,27.1,20.6,23.7,1.6,.1,43,78,3.4,5.5,10.1
89,287,6,36.4,11,23.8,63.7,8.2,27,2.6,19.79,0,28.1,20,23.7,26.6,21.3,24,3.1,2.3,192,40,9.5,7,9.7
89,288,6,31.4,11.4,20.8,61,12.7,34.1,1.8,19.53,0,27.8,19.6,23.2,26.3,21,23.6,2,1,213,56,4.4,5.3,8.6
89,289,6,32.6,9.5,19.7,59.3,9.4,30.9,1.9,19.31,0,27.4,18.8,22.5,25.9,20.3,23,1.7,.4,179,72,3.9,5,8.5
89,290,6,33.6,8.5,19.6,54.9,8.9,29,2,19.11,0,27.1,18.1,22,25.5,19.7,22.5,1.4,.2,281,75,3.4,4.9,8.5
89,291,6,32.2,9.4,21.4,54.9,9.8,24.6,2.2,19.09,0,26.7,18,21.8,25,19.5,22.2,3.8,3.3,84,30,9.2,7,8.2
89,292,6,28.9,17.1,22.8,21.3,12,16.1,2.4,17.76,0,25,19.2,21.9,25.6,20.8,22.6,7.2,7,80,10,12.1,9,10.2
89,293,6,28.7,14,21.3,51.8,15.7,32.5,1.8,13.93,0,23.1,17.8,20,22.5,19.1,20.7,3.8,2.8,125,41,11,5.3,8.6
89,294,6,28.5,12,17.8,98.1,35.7,72.1,.7,7.55,4,22.8,17.5,19.7,22.1,18.9,20.4,1.9,.2,33,77,9.1,1.5,7.6
89,295,6,27.8,11.3,18.4,98.5,41.6,81.8,.6,17.01,0,26.2,17.3,21.1,24.4,18.5,21.2,1.1,.1,87,78,3.4,3.1,7
89,296,6,30.7,12.1,20.1,98.4,31.5,71,1,18.1,0,26.8,18,21.8,25,19.3,21.9,1.4,.2,145,74,3.6,3.8,8.6
89,297,6,31.1,10.6,19.9,98,21.8,63.9,1.2,18.33,0,26.5,17.7,21.4,24.7,19.1,21.7,1.4,.4,216,69,3.7,4,8.2
89,298,6,26.4,13.2,19.1,83.4,22.3,49.8,1.3,12.28,0,25,17.8,21.3,24.1,19.4,22.1,3.7,2.6,246,44,7.8,3.9,7
89,299,6,22.1,6,13.9,67.1,13.7,37.9,1.1,18.14,0,22.5,15.4,18.5,22.3,17.2,19.4,2,.8,237,62,4.5,4.2,3.2
89,300,6,24.2,2.5,12.7,72.7,13.3,40.4,1.1,18.04,0,22.1,13.8,17.4,20.9,15.7,18.2,1.6,.5,223,68,4,4,3.8
89,301,6,24.7,1.4,12.8,69.6,12.7,37.8,1.2,18.02,0,21.6,13.3,17,20.3,15.1,17.7,1.5,.2,274,76,3.7,4.1,3.8
89,302,6,23,4.3,12.8,55.5,13.5,29.4,1.2,17.84,0,20.2,13.3,16.3,19.5,15,17.1,2.2,.8,324,65,5.5,4.5,3.5
89,303,6,24.4,1.2,13.1,47.8,12.4,20.7,1.3,16.75,0,23.7,12.6,18.1,22.2,14.7,18.6,2.1,1.4,9,46,4.8,4.4,3.7
89,304,6,26.3,4.3,15.6,47.2,11.7,20.8,1.6,15.77,0,20.9,14.4,17.2,20,15.6,17.7,1.8,.2,329,76,5,4.3,4.8
89,305,6,26.1,3.5,13.7,44.8,11.9,22.4,1.4,16.14,0,19.9,13.7,16.6,20,15.2,17.1,1.9,.3,193,74,4.2,4.2,4.7
89,306,6,24.6,.7,12.8,35.9,12.4,19.5,1.4,17.16,0,18.4,12.4,15.2,18.6,14,16,1.8,1,12,54,5.2,4.5,3.7
89,307,6,26.3,1.5,12.8,49.1,12,27.7,1.3,16.89,0,18.3,12.3,15,17.8,13.7,15.6,1.7,.2,335,75,5,4.3,4.6
89,308,6,27.1,2.7,13.5,46.1,11.7,26.2,1.4,16.34,0,18.7,12.6,15.3,17.8,13.8,15.7,1.7,.5,195,67,3.9,4,5
89,309,6,27.3,2.1,14.6,46.6,11.4,24.3,1.5,16.49,0,18.7,12.8,15.6,18.1,14.1,16,1.6,.1,217,78,3.8,4.2,5.1
89,310,6,26.6,3.7,14.2,41.9,12.2,25.4,1.4,15.24,0,22.2,13.1,18.2,20.9,14.4,18.3,1.6,.4,349,71,3.7,3.8,4.9
89,311,6,26.2,3.4,14.2,46.2,12.9,28.9,1.4,15.71,0,19.6,15.1,17.1,20.6,16.1,17.6,1.6,.3,253,73,3.6,3.8,4.7
89,312,6,26.3,3.3,13.9,58.8,12.4,33,1.3,15.59,0,18.6,14.5,16.4,19.5,15.5,16.8,1.6,.3,252,74,3.6,3.7,4.7
89,313,6,26.9,2,13.6,55.7,11.4,27.7,1.4,15.81,0,17.7,13.4,15.5,18.7,14.6,16,1.6,.4,200,70,3.4,3.9,4.9
89,314,6,29.7,3.6,15.2,35.6,10.4,20.7,1.6,15.25,0,17.6,13.4,15.4,18.2,14.4,15.9,1.5,.5,178,68,3.3,4,6.3
89,315,6,30.5,3.9,15.7,45.3,9.6,23.1,1.7,15.26,0,17.7,13.6,15.6,18.3,14.6,16,1.6,.5,147,66,3.6,4,6.7
89,316,6,29.9,3.8,15.4,42.5,10.6,23,1.6,14.45,0,17.6,13.6,15.6,18.3,14.6,16,1.4,.2,164,75,3.2,3.7,6.4
89,317,6,27.7,2.9,15,42.5,11.6,22.9,1.5,15.13,0,17.7,13.7,15.6,18.4,14.7,16,1.6,.2,211,76,3.6,3.9,5.3
89,318,6,26.8,3.5,14.2,46.1,12.6,26.5,1.4,14.89,0,19.2,13.7,17.2,19.2,14.8,17.3,1.4,.2,233,76,2.9,3.6,4.9
89,319,6,26.6,1.8,13,53.5,11.6,26.8,1.3,15.5,0,18.7,14.3,15.5,19.4,15.2,16.1,2.1,.7,350,67,6.1,4.3,4.7
89,320,6,24.7,1.1,11.5,33.8,12.3,20.3,1.3,12.33,0,16.6,12.9,14.3,17.5,13.9,14.9,1.8,.8,202,59,4,3.2,3.9
89,321,6,19.9,1.2,10.2,47,14.2,22.4,1.1,6.93,0,16.1,12.6,13.8,16.9,13.5,14.4,1.5,.1,183,78,2.8,1.8,2
89,322,6,26.4,2.1,13.3,46.4,12,24.1,1.4,14.41,0,16,12.3,13.9,16.7,13.1,14.3,1.4,.2,146,75,3.4,3.6,4.6
89,323,6,28.3,2.1,15.3,46.9,10.9,23.2,1.6,14,0,15.8,12.3,13.8,16.6,13.2,14.2,2.7,1.8,68,48,8.4,4.7,5.4
89,324,6,26.6,8.7,18.3,97.6,15.3,31.5,1.6,13,3,16.5,13.9,15.1,16.8,14.3,15.2,3,1.7,245,52,11.1,4.2,5.7
89,325,6,21.6,9.5,15.1,98.9,61.8,89.6,.2,10.81,1,18,15.8,16.4,18.2,15.9,16.4,1.4,.5,138,63,4,1.5,3.5
89,326,6,23,6,13.4,99.8,43.4,82.9,.4,14.01,0,20,14.6,16.2,18.9,15.2,16.3,1.1,.1,174,76,2.7,2.2,3.6
89,327,6,24.6,6.3,14.2,99.5,29.1,73.9,.6,12.29,0,17.8,14.3,15.9,18.4,14.9,16.1,1.3,.3,212,72,2.9,2.1,4.4
89,328,6,24.3,5.9,14.5,97.2,24.4,66,.8,12.76,0,17.7,14.4,15.9,18.3,15,16.1,1.6,.2,191,76,3.8,2.5,4.2
89,329,6,23.7,6.8,15.1,92.6,38.6,64.1,.7,11.92,0,17.7,14.5,15.8,18.2,15.1,16.1,2,1.1,186,55,5.1,2.5,4.1
89,330,6,21.5,8.7,15.2,97.9,48.5,71,.6,12.56,0,17.8,14.8,16.1,18.2,15.3,16.3,2.8,1.6,230,53,6.2,2.6,3.3
89,331,6,19,3.8,10.5,97.5,14.5,50.5,.8,13.08,0,18.6,14.1,16.7,18.4,15.1,17,2,.9,293,60,5.4,2.9,1.8
89,332,6,17.6,.3,9,48,14.9,23.1,1,14.36,0,16.7,12.8,13.7,17.9,13.7,14.6,3.5,3.2,15,26,8.3,4.2,1.1
89,333,6,16.6,1.5,9.5,49.4,16.3,23.6,1,13.56,0,14.9,11.5,12.5,15.8,12.5,13.3,4,3.5,41,28,8.9,4.3,.9
89,334,6,16.7,-.1,8.3,65.3,20,39.8,.7,13.4,0,14.2,10.8,12.2,15.1,11.8,12.8,2.1,1.2,352,52,5,2.9,.8
89,335,6,19.1,-2.3,7.1,70.4,16,43.9,.7,13.63,0,15.9,10,13.4,15.4,11.3,13.6,1.4,.3,204,71,3,2.6,1.5
89,336,6,20.4,-.2,10.9,60.7,15.4,31.4,1.1,13.5,0,14.6,10.9,12.3,15.6,11.8,12.9,3.4,2.7,88,37,10,4.3,2
89,337,6,21.8,5.5,12.9,45.4,16.4,26.8,1.2,13.38,0,14.2,11,12.3,15,11.8,12.8,3.2,2.8,55,27,9.4,4.1,3
89,338,6,22.1,.2,10,67.8,14.7,36.9,.9,13.54,0,13.9,10.3,12,14.8,11.2,12.5,1.6,.3,291,72,3.6,3,2.8
89,339,6,23.3,-1.2,9.5,58.2,13.7,35.1,1,13.23,0,16,10.2,13.6,15.6,11.3,13.7,1.8,.7,161,63,4,2.9,3.1
89,340,6,21,-1.3,9.1,59.4,14,31.7,1,13.03,0,15.2,11,12.5,16,11.9,13,1.7,.5,262,67,5.7,3,2.2
89,341,6,20.9,-.9,8.7,47.5,13.8,29,1,13.3,0,17.6,10.2,13.8,16.5,11.3,13.9,1.8,.4,235,72,3.9,3,2.2
89,342,6,21.8,-1.5,9.4,49.5,13.5,26.8,1.1,13.29,0,15.5,10.9,12.4,16.4,12,13,2.8,1.8,82,48,8.8,4,2.5
89,343,6,23.4,-1.6,8.8,49,13.1,29.2,1,13.06,0,13.7,9.7,11.6,14.5,10.7,12.1,1.4,.4,166,68,4.2,2.9,3
89,344,6,20.3,-1.5,9.8,47,14,25.2,1,12.15,0,13.1,9.4,11.1,14,10.4,11.6,2.5,1.4,253,53,5.9,3.2,2
89,345,6,15.4,-.9,8.1,22.5,15.6,18.7,.9,13.34,0,12.9,8.7,10,13.7,9.8,10.7,4.2,3,347,43,10.3,4.3,.4
89,346,6,14.5,-4.8,4,31.8,16,20.8,.7,13.37,0,13.8,7.1,10.9,13.2,8.5,11.3,1.6,.4,352,71,3.3,2.6,.2
89,347,6,15.8,-6.8,3.4,29.4,15.5,21.4,.7,12.24,0,11.6,7.4,9.3,12.8,8.5,10,1.7,.3,174,72,3.5,2.5,.5
89,348,6,18.4,-5.5,4.7,30,14.6,21.4,.8,13.02,0,11,6.6,8.6,10.8,7.7,9.2,1.7,.6,186,65,3.8,2.7,1.2
89,349,6,14.4,-3.8,4.6,30.5,16.4,22.7,.7,8.83,0,10.5,6.7,8.4,10.3,7.6,9,1.6,.3,188,73,3.7,1.8,.2
89,350,6,13.7,.2,6.2,31.4,17.5,24.6,.8,5.08,0,11.7,8.2,9.1,12.3,8.8,9.5,1.5,.8,184,56,3.3,1.2,.1
89,351,6,18.6,-6.2,5,48.6,16.7,30.6,.7,12.36,0,10.8,6.2,8.4,10.4,7.3,8.9,1.4,0,115,80,3.6,2.4,1.2
89,352,6,19.1,-2.8,7.2,52.5,22.2,38.9,.7,12.02,0,11.3,6.8,8.9,10.8,7.7,9.2,1.6,.4,186,71,3.9,2.4,1.5
89,353,6,19.9,-.2,8.2,63.3,31.7,48.5,.7,10.66,0,11.9,7.8,9.6,11.7,8.5,9.8,1.5,.2,284,74,3,2,1.8
89,354,6,19,-.7,7.2,87.5,30.4,57.5,.5,12.11,0,11.9,7.7,9.6,12.2,8.5,9.9,1.6,.2,186,76,3.5,2.1,1.6
89,355,6,18.2,-2.2,6,79.1,28.2,56.8,.5,10.05,0,15.7,7.5,11.6,14.5,8.4,11.8,1.4,.3,204,72,2.7,1.6,1.2
89,356,6,19.1,-2.3,6.6,78.2,15.9,47.7,.7,12.22,0,12.8,9,10.8,12.3,9.9,11.2,1.5,.3,234,74,3.3,2.2,1.5
89,357,6,21.1,-1.5,9.2,53.1,13.9,28.7,1,12.25,0,11.9,7.9,9.7,12.7,8.9,10.1,2.9,2,75,46,9.2,3.7,2.3
89,358,6,22.4,-.5,9.7,46.1,13.3,28.1,1.1,12.53,0,12.2,7.7,9.8,12.1,8.5,10,1.4,.4,179,69,3.1,2.8,2.8
89,359,6,21.9,.2,10,43.8,13.6,26.6,1.1,10.6,0,12,8.1,10,11.5,8.8,10.2,1.8,.2,308,77,3.7,2.7,2.6
89,360,6,19.2,2,9.3,40.9,15.1,27.3,.9,7.22,0,11.8,8.5,10,12.4,9.1,10.2,1.6,1,180,50,3.6,1.8,1.7
89,361,6,18.3,2.4,11,82.2,16,31.3,1,8.68,0,12.2,8.7,10.4,12.6,9.3,10.6,2.2,1,175,60,7,2.2,1.5
89,362,6,19.9,3.7,11.4,96.3,39.1,75.8,.4,10.22,1,18.6,9.4,13.7,17.2,10,13.7,2.2,1.2,153,53,8.3,1.7,2.1
89,363,6,14.4,5.5,10.4,99.6,63.9,89.6,.2,9.49,7,16,-4,13.7,16.4,-4.5,13.8,2.6,1.8,177,45,8.5,1.1,.3
89,364,6,15.8,.9,7.6,100,44.2,83.3,.3,12.88,0,13.7,10.2,12,13.8,11.1,12.4,1.5,.6,285,63,4.6,1.8,.6
89,365,6,18.1,-1.1,7.3,100,16.2,63.8,.5,13.4,0,13,9,10.8,12.5,10,11.3,1.8,.5,14,69,4.4,2.3,1.2
