90,1,6,17.8,-3,6.8,98.8,19.1,63.1,.5,13.36,0,12.1,8,9.9,11.8,9,10.4,2.1,1.4,143,47,5.8,2.5,1.1
90,2,6,17.8,1.2,7.1,99.4,33.9,76.7,.3,9.6,8,12,8.5,9.8,11.6,9.3,10.2,3.9,2.2,187,53,12.4,2,1.2
90,3,6,10.9,.6,6.5,99.3,44.9,79.3,.2,13.11,1,11.5,8.4,9.7,11.3,9.4,10.1,3.1,2.4,249,36,7.1,1.8,0
90,4,6,12.1,-1.9,4.3,99.6,33.7,72,.3,13.19,0,10.4,6.7,8.4,10.4,7.7,9,2.1,1.4,329,46,5.8,2,0
90,5,6,14.5,-.6,6.6,70.1,17.3,41.9,.6,13.59,0,10.2,6.1,8,10,7.2,8.6,2.7,2.4,343,29,6,2.8,.2
90,6,6,16.8,-.6,6.9,75.4,16.3,43,.7,13.82,0,10.8,6.1,8.2,10.4,7.1,8.7,2.1,.9,24,59,5.2,2.8,.8
90,7,6,15.7,-3.4,4.9,98.1,19.2,62.2,.5,12.98,0,10.9,5.8,8,10.3,6.8,8.5,1.5,.2,199,75,3.6,1.9,.5
90,8,6,19,-2.1,6.7,97.2,18.5,63.6,.5,13.51,0,11.6,6.1,8.5,10.9,7,8.8,1.4,.3,185,72,4.3,2.1,1.4
90,9,6,23.5,-.5,9.1,97.3,17,61.7,.7,13.25,0,14.6,7.1,11.3,13.7,8,11.3,1.7,.5,188,69,3.1,2.3,3.2
90,10,6,25.8,.9,11.5,95.8,15.7,59.4,.8,13.7,0,14.4,8.8,11.4,13.4,9.6,11.5,1.5,.3,203,72,2.7,2.6,4.2
90,11,6,25.9,2,11.8,96.5,14.4,58.9,.8,13.7,0,14.3,8.8,11.3,13.4,9.6,11.4,1.5,.4,230,71,3.1,2.6,4.4
90,12,6,24.8,2.9,12.7,93.7,16.6,54.1,.9,12.82,0,14.3,9.1,11.6,13.4,9.8,11.6,1.7,.4,360,70,3.4,2.7,4
90,13,6,22.4,6.9,13.7,67.9,29.7,49.8,.9,12.89,0,15.2,10.3,12.3,14.1,10.8,12.3,2,1,219,56,4.4,2.9,3.5
90,14,6,20.6,2.6,11.4,97,34.4,65.5,.6,13.72,0,14.8,9.6,11.9,13.8,10.3,12,2.1,.8,187,63,4.6,2.6,2.3
90,15,6,17.2,4.7,10.7,99.3,44.1,78.8,.3,10.85,0,15.5,10.9,12.3,15.1,11.4,12.4,1.5,.5,148,67,4.4,1.5,1.2
90,16,6,16.8,.5,8.2,100,35,72.9,.4,13,0,13.9,8.9,11.1,13,9.8,11.4,1.8,1.1,196,50,4.4,2.1,.9
90,17,6,14.4,3.3,7,99.5,46.7,80,.2,6.94,18,13.6,8.7,11.3,14.3,9.7,11.8,4.6,2.9,155,50,10.9,1.2,.2
90,18,6,9.5,2.7,5.4,100,74.5,93.3,.1,8.5,3,11.9,8.6,9.9,12,9.5,10.3,2,.3,175,74,4.7,.9,0
90,19,6,12.5,-.1,5.7,100,49.1,87,.2,14.19,0,12.7,6.9,9.4,11.8,7.9,9.8,2,.6,228,67,4.7,2.1,0
90,20,6,13,-1,5,100,44.6,82.8,.2,14.42,0,12.5,6.6,9.1,11.6,7.7,9.6,1.5,.4,357,71,4.2,2.2,0
90,21,6,18.3,-1.1,7.6,100,20.5,68.4,.5,14.61,0,12.3,6.1,9,11.5,7.2,9.3,1.8,.8,34,60,5.7,2.8,1.3
90,22,6,17.7,5.4,10.8,94.3,31.9,68.5,.5,6.42,0,12.1,8.6,10.2,11.6,9.1,10.3,1.8,.7,56,64,4.3,1.1,1.4
90,23,6,21.7,4.4,12,99.4,40.9,73.2,.5,14.74,0,15.2,8.8,11.6,13.8,9.5,11.5,1.5,.5,305,67,4,2.7,2.9
90,24,6,20.9,1.5,9.7,100,14.4,62.2,.6,15.19,0,19.5,8.1,12.5,19.1,9.1,13.1,2.2,.7,27,66,5.1,3.2,2.3
90,25,6,21.6,-1.3,8.6,67.1,13.5,36.2,.9,15.96,0,14.2,8.1,11,14.6,9.5,11.6,1.9,1.1,20,54,4.2,3.4,2.5
90,26,6,20.4,-2.5,7.8,90.5,14.6,51.9,.7,14.79,0,13.8,7.2,10.3,12.9,8.4,10.6,1.5,.8,160,56,5,2.8,1.9
90,27,6,19.2,-1.7,8.3,91.8,14.9,48.3,.8,14.36,0,12.8,7.2,9.9,12.2,8.3,10.3,2.2,1.4,268,49,5.9,3.1,1.6
90,28,6,17.9,-.8,8.2,51.9,14.8,30.1,.9,16.28,0,12.9,6.4,9.4,12,7.6,9.8,1.9,.6,339,68,4.3,3.5,1.1
90,29,6,20,-2.8,6.7,71.1,14.5,40.3,.7,16.09,0,13.2,6,9.1,12.1,7.2,9.5,1.8,.4,179,72,3.1,3.1,1.8
90,30,6,21.3,-2.9,8.2,74.1,13.6,40,.9,15.96,0,13.2,5.9,9.4,12.1,7.1,9.6,1.7,.6,160,64,3.7,3.3,2.2
90,31,6,19.2,7.3,12.5,76.4,16.2,36,1,12.68,0,13,8.8,10.6,12.2,9.4,10.6,3.9,3.2,181,36,10.7,4,2.1
90,32,6,12.6,5.1,8.7,97.9,50.1,79.4,.3,4.6,14,17.2,8.8,12.1,17.3,9.5,12.6,3.7,2.2,213,53,9.3,.6,0
90,33,6,13.1,2.8,7.8,95.5,35.7,69,.4,16.27,0,13.2,8.8,10.6,12.6,9.8,11.1,3.2,2.2,235,45,7,2.8,0
90,34,6,14.4,-1.4,5.9,100,26.1,71.5,.4,16.75,0,13.2,6.5,9.5,12.2,7.8,10,1.7,.5,32,171,4.9,2.6,.2
90,35,6,18.5,-.9,8.4,98.5,18.9,60,.6,15.51,0,13.1,6.4,9.5,12.1,7.6,9.8,2.8,.9,201,67,7.2,3.3,1.3
90,36,6,14.9,2,8.3,94.7,38.3,65.9,.4,16.56,0,14.1,7.4,10.4,12.9,8.4,10.5,2.1,.7,224,66,5.2,2.8,.4
90,37,6,20.7,-1,7.8,100,18.6,68.9,.5,17.14,0,14.3,6.5,10.1,13,7.7,10.3,1.6,.2,102,76,5.2,3.1,2.1
90,38,6,20.2,.1,9.4,97.5,17.9,58.6,.7,16.46,0,14.6,6.8,10.4,13.2,8,10.5,1.6,.4,239,72,4.2,3.2,2
90,39,6,13.2,7.2,10.2,98.2,60.7,77.5,.3,4.28,4,12.3,9.9,10.9,12.6,10.3,11,2.1,1.1,178,57,5.8,.4,0
90,40,6,15.4,3.9,9.1,99.9,46.8,80.4,.3,17.26,1,15.2,8.4,11.4,13.8,9.2,11.4,2.1,1.3,218,51,4.6,2.9,.6
90,41,6,18.9,.8,8.7,99.7,26.1,73,.5,17.54,0,15.5,7.5,11.1,14,8.6,11.2,1.7,1.1,193,51,3.2,3.1,1.6
90,42,6,22.9,1.6,11.2,99.2,23.5,67.3,.7,17.6,0,16.6,8.1,11.9,14.8,9.1,11.8,1.6,.5,198,67,3.2,3.3,3.2
90,43,6,20.7,5,11.7,96.7,35.5,72.9,.5,8.47,0,14.7,9.8,12,13.9,10.5,12.1,1.7,.7,188,63,3.6,1.2,2.6
90,44,6,21.4,5.5,13.5,93.9,21.8,56.3,.8,12.37,0,15,9.4,12.1,13.9,10.2,12.1,2.7,2,209,41,7,3,2.8
90,45,6,14.6,-.5,7.9,56.7,21.9,41.8,.6,10.5,0,13.5,7.7,10.5,14,9.3,11.2,5.7,5,241,28,10.7,3.4,.3
90,46,6,8.3,-4,1.9,56.7,18.3,31.2,.5,19.1,0,11.7,4.8,7.8,11,6.5,8.6,2.9,2.4,250,34,6.4,3.5,0
90,47,6,13.1,-7.3,2.5,77,16.6,39.9,.6,19.04,0,18.2,3.8,10.5,17.7,5.4,11.3,1.7,.3,107,74,4.3,3.2,0
90,48,6,19.3,-4.6,6.4,71.7,14.3,37.1,.8,19.18,0,14.9,6.4,10.3,13.5,7.9,10.7,1.8,.3,154,73,4,3.8,1.5
90,49,6,20.3,1.4,11.3,42.8,15,28.6,1.1,17.72,0,15.2,6.9,10.6,13.5,8.1,10.7,3.8,2.8,182,42,10.3,4.9,2.1
90,50,6,11.9,.6,7.1,97.8,31.9,70.2,.4,15.76,4,13.2,8.7,10.6,12.5,9.8,11,4.1,1.8,247,60,9.4,3,0
90,51,6,14.4,-2.3,5.7,100,38.1,75.4,.3,19.21,0,14.8,6.1,10,13.3,7.4,10.2,1.6,.4,177,69,4.1,3,.2
90,52,6,17.1,.4,8.3,99.2,29.6,69.3,.5,17.79,0,15.4,7.2,10.9,13.8,8.3,11,1.7,.3,182,74,4.9,3.1,1
90,53,6,21.6,-.3,9.8,98.4,14.5,59.5,.7,19.95,0,16.7,7.3,11.5,14.8,8.4,11.5,1.5,.3,204,72,3.7,3.9,2.5
90,54,6,24.9,1,12.3,91.6,12.7,46.5,1.1,20.34,0,19.2,8.6,14.3,17.2,9.9,14.2,1.7,.1,25,79,4,4.5,3.9
90,55,6,28.2,2,14.3,79.3,11.1,40.3,1.4,20.29,0,18.2,9.5,13.6,16.4,10.6,13.5,1.9,.4,18,72,4.5,4.9,5.4
90,56,6,27.5,5.6,15.9,64.3,11.6,33.2,1.5,18.33,0,18.7,10.6,14.2,16.8,11.4,14,1.6,.3,286,73,3.4,4.5,5.5
90,57,6,26.6,11,17.8,53.3,12.3,31.6,1.6,11.98,0,17.8,12.5,14.6,16.4,12.8,14.4,2.1,.1,59,80,5.1,3.4,6.3
90,58,6,24.8,10,17.1,58.1,17,35.3,1.4,11.3,0,17.1,12.3,14.4,16,12.7,14.4,2,.4,12,73,5.7,3,5.2
90,59,6,26.5,5,15.8,85.4,13.7,42.7,1.3,20.05,0,19.9,10.9,14.8,17.8,11.8,14.6,1.9,.9,25,60,5.8,4.7,5.1
90,60,6,24.3,7.2,16.2,67.5,18.3,41.3,1.2,17.89,0,20.8,11.8,16.8,19.4,12.8,16.7,2.1,.9,62,60,6.2,4.3,4.3
90,61,6,25.3,8.1,16.1,70.5,14.8,41.7,1.3,14.61,0,19.9,13.3,16.2,18.2,14,16,1.6,.6,128,64,3.4,3.3,5
90,62,6,25.9,11.3,17.5,55,13.4,34.2,1.5,12.19,0,19.3,14.2,16.4,18,14.5,16.2,1.4,.3,121,72,3.1,3,6
90,63,6,26.8,7.1,17.5,55.5,14.2,31.7,1.6,20.09,0,21.2,12.6,16.5,19.2,13.5,16.3,2.4,1.3,227,55,6.5,5.4,5.5
90,64,6,18.5,6.5,13.5,48.9,15.1,28.2,1.2,20.31,0,17.6,12.5,14.7,18.2,13.8,15.2,4.4,3.6,252,33,11.5,6.2,1.8
90,65,6,19.7,6,12.9,39.1,15.4,27,1.1,21.68,0,18.4,10.9,14.1,17,12,14.3,3,2.3,248,40,6.8,5.5,2.2
90,66,6,22.7,2,12.4,47.7,13.6,28.2,1.2,22.29,0,19.8,10.1,14.5,17.9,11.3,14.5,1.7,.4,151,71,3.8,4.9,3.1
90,67,6,26.2,3.2,14.1,64.1,12.1,29.8,1.4,18.42,0,19.3,11,14.7,17.5,12,14.7,1.7,.1,101,77,4,4.4,4.6
90,68,6,23.7,7.6,15.5,45,13.3,24.8,1.4,11.8,0,21.3,12.3,16.7,20.9,13.1,17,2.2,1.1,137,58,5.3,3.4,4.2
90,69,6,16.9,6.6,11.5,90.8,26.2,60.7,.5,6.87,0,16.6,12.6,14.2,17.6,13.5,14.7,2.2,.4,248,74,5.3,1.2,1.2
90,70,6,19.3,6.9,12.5,95.6,27.3,52.1,.8,14.01,1,15.9,11.6,13.4,15.9,12.4,13.7,5.2,3.9,191,41,10.3,4,2.1
90,71,6,16.2,6.6,10.4,96,19,57.8,.6,21.84,0,18.9,11.7,14.4,17.3,12.3,14.4,2.9,1.8,237,50,6.1,4.5,.9
90,72,6,14.7,1.3,8.7,62.3,16.9,39,.7,23.04,0,16.7,9.8,12.8,15.6,11.1,13.3,3.8,2.8,291,42,12.3,5.2,.3
90,73,6,15.9,-3.1,6.8,74,15.7,36.5,.7,21.91,0,17.7,7.9,12.4,16.1,9.5,12.7,1.9,.4,182,71,4.3,4.1,.5
90,74,6,21.8,-2.1,10.2,64.8,14.4,32.1,1,23.87,0,18.5,8.2,13.7,17.2,9.6,14,2.3,1.3,318,54,7.2,5.4,2.5
90,75,6,21.7,1.4,12.3,60.4,14.9,33.2,1.1,24,0,24.5,10.4,16.9,24.2,11.9,17.3,2.2,1.1,25,57,6.8,5.6,2.6
90,76,6,26.4,2.3,14.4,61.1,13.7,33.5,1.4,23.17,0,21.1,11.5,15.9,19.1,12.8,15.9,2,0,110,80,5.6,5.6,4.6
90,77,6,28.8,6.4,16.7,44.5,12.2,28.9,1.6,24.81,0,22.3,11.5,16.4,19.9,12.6,16.2,1.7,.6,187,67,3.8,6,6.4
90,78,6,30.7,5.4,18.2,60.6,12,31.8,1.8,24.6,0,21.4,12.2,16.6,19.5,13.3,16.4,2.5,1.4,77,55,8,6.9,7
90,79,6,32,10.3,20.9,48.8,11.7,28.3,2,20.57,0,21.5,13.4,16.9,19.6,14.1,16.7,2.7,1.7,47,49,7.3,6.3,8.5
90,80,6,31.2,10.5,19.5,54.4,11.9,32.2,1.8,19.53,0,22.5,14.1,17.7,20.4,14.8,17.4,1.7,.5,242,68,4,5,8.2
90,81,6,33.4,7.6,19.7,53.7,10.2,30,2,25.08,0,24.3,13.2,18.2,21.7,14.2,17.8,1.7,.5,269,68,3.9,6.5,8.2
90,82,6,32.9,8.5,20.7,47.4,10.3,26.8,2.1,24.99,0,24.9,14,18.8,22.4,15,18.5,2,.3,236,75,4.1,6.7,8.3
90,83,6,32.8,8.7,20.6,49.2,10.8,28.4,2.1,22.84,0,25.1,14.4,19.2,22.4,15.3,18.8,1.7,.5,257,69,3.5,5.9,8.2
90,84,6,32.5,10.8,21.4,44.1,10.9,25.6,2.2,23.83,0,24.9,14.8,19.3,22.4,15.8,19,2.4,.5,212,72,5.3,6.8,8.8
90,85,6,30.5,12.3,21,46,12.9,27.8,2,17.15,0,23.2,15.9,19.1,21.4,16.6,18.9,2.2,1.1,199,57,6,5.1,8.6
90,86,6,27.7,12.6,19.8,45.2,15.9,30.4,1.7,22.41,0,24.7,16.1,19.4,22.3,16.6,19.1,2.9,1.8,215,49,6.9,6.5,7.4
90,87,6,23,10.1,16.6,47.6,28.3,37,1.3,20.6,0,22.7,14.9,18.3,20.8,15.7,18.3,3.2,2.1,228,49,7.4,5.6,4.3
90,88,6,21.1,9.9,13.6,93.8,37.8,71.1,.5,17.58,1,21.6,15.1,17.4,20.1,15.9,17.6,3.6,1.5,221,62,10.2,3.6,3.4
90,89,6,22.6,7.5,14.8,93.7,31.5,64.2,.7,24.17,0,24.9,14.6,20,23,15.6,19.8,2.4,.7,289,69,8.3,5,3.6
90,90,6,20.8,10.6,14.4,86.7,42.8,65.4,.6,15.76,1,21.8,15.7,17.8,20.3,16.5,18.1,2.5,.6,260,70,6.1,3.1,3.4
90,91,6,22.4,6.7,14.3,98.8,37.5,66.3,.7,22.6,0,23.5,14.3,18.3,21.4,15.3,18.2,2,.9,82,60,6.5,4.5,3.4
90,92,6,24.9,8,16.3,83.5,25.3,53.7,1,23.12,0,24.4,14.5,18.6,21.9,15.5,18.4,1.7,.4,324,72,5.5,5,4.8
90,93,6,28,7.5,18.4,74.9,16,41.2,1.5,26.62,0,25,14.4,19.2,22.6,15.4,18.9,1.8,.5,5,70,4.7,6.4,6.1
90,94,6,26.7,12.1,19.3,65.6,22.6,43.3,1.4,20.13,0,23.4,16,19.4,21.8,16.7,19.2,2.6,1.4,246,55,7.3,5.2,6.6
90,95,6,24.6,12.1,18,75.4,38.4,55.7,1,21.26,0,25.4,16.2,21.1,23.9,17.2,21.1,2.2,.6,206,70,6,4.8,5.7
90,96,6,28.5,10.3,19.5,75.5,29.7,51.5,1.3,24,0,25.9,16.7,20.9,23.8,17.5,20.6,1.7,.4,245,72,4,5.5,7
90,97,6,26.1,14.9,20.4,61.8,32.4,46.9,1.4,15.2,0,22.9,17.5,20,22.4,18.2,20.1,2.5,1.1,215,61,4.8,3.9,7.8
90,98,6,27.6,9.7,19.8,70.5,29.9,45.6,1.4,26.12,0,24.8,15.9,19.9,22.8,16.9,19.8,3.2,1.8,244,54,7.5,6.9,6.4
90,99,6,28.1,10.2,19.6,61,17.9,36.7,1.6,27.39,0,25.7,15.9,20.3,23.6,17,20.2,2.4,1.2,248,56,5.2,7,6.9
90,100,6,32.5,8.2,20.4,57.2,10.1,31.4,2,27.85,0,26.7,16,20.8,24.3,17.1,20.6,1.8,.2,18,75,5.9,7.2,8.1
90,101,6,33.5,9,20.9,47.3,9.5,26.5,2.2,24.32,0,26.3,16.3,20.6,23.9,17.4,20.5,2.1,0,115,81,5,6.7,8.6
90,102,6,34.4,9.4,21.9,41.2,8.8,23.3,2.4,28.45,0,27.4,15.9,21.1,25.5,17.2,20.8,2,1.1,208,54,6,7.8,8.7
90,103,6,35.7,12.5,23.9,37.9,8.7,20.1,2.7,28.42,0,31.3,16.9,23.8,29.4,18.1,23.8,2.1,.7,251,67,5.7,8.1,10.1
90,104,6,36.2,12.1,24.6,38.7,8.8,19.8,2.8,27.68,0,28.9,18.6,23.2,26.5,19.6,23,2.1,.7,174,66,4.6,8,10
90,105,6,35.4,14,24,29.5,8.8,15.9,2.8,28.72,0,26.6,17.9,21.9,24.9,18.9,21.9,3,2,189,47,7.1,9.1,10.7
90,106,6,30.6,12.8,21.9,34.5,10.9,17.7,2.3,21.37,0,22.8,17.6,19.8,23.1,18.6,20.2,4.8,4,190,33,11.5,8.5,8.9
90,107,6,26.4,13.6,19.2,65.3,22.7,42.9,1.4,27.66,0,25.7,17.2,20.9,23.8,18.1,20.8,3,2,214,47,6.5,6.9,7.2
90,108,6,26.2,10.9,18.7,53.7,27,42,1.4,27.56,0,26.8,17.4,21.4,25.9,18.2,21.2,2.8,.6,258,72,7.4,6.9,6.1
90,109,6,29,10.2,20.5,66.3,22.1,40.2,1.6,28.74,0,28,17.8,22.2,25.5,18.8,21.9,1.8,.6,322,68,4.9,7,7.2
90,110,6,33.2,12.3,22.9,56.6,13.3,33,2.1,28.13,0,29.1,18.5,23.9,27,19.8,23.6,2.5,1.2,219,59,6.1,7.9,9.5
90,111,6,32.8,14,23.5,47.3,13.7,29.6,2.3,28.26,0,27.7,18.9,22.8,25.8,19.9,22.8,2.7,1.4,220,56,6.8,8.1,10.1
90,112,6,29.3,13.9,22.2,44.5,21.3,32.2,1.9,25.78,0,25.9,18.6,22,24.5,19.5,22,2.5,1.5,248,53,5.9,7,8.8
90,113,6,28.7,11.2,20.9,58.3,18.5,35.5,1.7,25.84,0,25.9,18.1,21.7,24.4,19.1,21.8,2.9,2.1,219,44,7.7,7.1,7.4
90,114,6,18.7,12.1,15.7,99.6,41.7,69.4,.6,11.09,6,21.6,18.2,19.4,22,19.1,20.1,3.8,1.9,229,58,10.1,2.4,2.7
90,115,6,25.3,12.1,18.4,97.8,35.3,66.1,.9,26.63,0,25.9,17.3,21,24,17.9,20.7,2.2,.2,28,77,6.2,5.7,6
90,116,6,31.4,9.4,20.5,96.5,13.8,48.4,1.6,27.66,0,26.5,17.1,21.5,24.5,18.3,21.4,2,.8,262,62,6.3,6.8,8.1
90,117,6,34.3,14.5,24.3,40.7,11.3,24.7,2.5,26.48,0,29.8,17.8,22.8,28.9,18.7,23,2.6,1.4,232,56,6.4,7.8,10.7
90,118,6,35.8,14.5,25.6,41.2,9.2,21.3,2.9,29.98,0,27.5,19.5,23.1,25.9,20.5,23.2,3.3,2.3,217,45,7.5,9.7,11.1
90,119,6,33.7,18.6,25.6,30.7,11,19.3,2.8,28.22,0,25.2,18.9,21.8,24.2,19.9,22,4.8,3.6,213,40,9.1,10.2,12.6
90,120,6,26.1,12.8,20.5,59,20.1,34.8,1.6,26.73,0,25.3,19.1,21.8,24.2,20,22,3.4,2.4,249,44,7.1,7.4,6.7
90,121,6,24.3,8.8,16.5,56.6,22.8,39.6,1.2,23.16,0,24.3,17.3,20.6,23.3,18.6,21,2.6,1.3,241,57,7.7,5.6,4.6
90,122,6,25.6,9.4,18.1,55.3,18.5,36.9,1.4,28.56,0,26.1,17.1,21.2,24.3,18.2,21.1,2.6,1.5,220,53,5.9,7.1,5.4
90,123,6,31.2,9.3,21.4,52.1,11.3,28.1,2.1,29.54,0,27.3,17.4,22.1,25.4,18.5,21.9,2.1,.7,171,66,5.5,7.7,7.9
90,124,6,34.2,13.3,24.4,42.3,11.4,24.7,2.5,28.91,0,28.7,18.6,23.9,26.9,19.6,23.7,3.1,2.1,65,46,9.6,8.9,10.2
90,125,6,35,14.1,25.6,42.2,9.5,22,2.8,30.4,0,26.3,19.3,22.6,24.9,20.3,22.7,3.3,2.7,56,35,9.3,9.8,10.8
90,126,6,33.6,16.3,26.4,31.3,9.9,15.8,3,30.95,0,26.4,18.9,22.1,24.9,19.8,22.2,4.6,3.9,82,30,10.5,11,11.4
90,127,6,36.9,13.2,25.5,35.8,8.4,20,2.9,29.93,0,28,18.4,22.8,26,19.4,22.6,2.7,1.4,234,55,6.9,9.2,10.7
90,128,6,36.1,16,26.2,38.3,8.4,18.7,3,31.11,0,27.4,19.4,23.2,25.9,20.2,23,3.3,2.5,235,41,9.1,10.2,11.8
90,129,6,35,15.3,25.2,27.1,9,16.3,2.9,25.34,0,27.5,19,23,25.7,20,22.9,2.4,1.7,183,43,5.4,7.8,11.3
90,130,6,32.2,15.6,24.3,19.2,9.4,14.1,2.7,26.49,0,26.5,19.5,22.4,25.8,20.3,22.8,4,3.3,193,34,8.6,9.4,10.8
90,131,6,28.1,11.2,20.5,37.2,14.9,22.5,2,30.94,0,26.6,17.9,21.9,25,19.2,22.1,2.8,1.7,252,52,6.8,8.6,7.1
90,132,6,32.2,12.2,22.2,35,10.5,21.9,2.3,31.1,0,27.7,17.5,22.3,25.7,18.8,22.2,2.3,.8,191,64,5.3,8.4,9.2
90,133,6,34.7,12.6,24.3,35.1,8.8,19.3,2.7,31.56,0,28.4,18.1,22.8,26.2,19.3,22.7,2.4,1,217,63,5.2,9.1,9.9
90,134,6,34.9,14.9,24.8,38.9,8.4,18.2,2.8,31.65,0,27.3,19,22.7,25.7,20,22.8,3.6,2.8,206,38,8.3,10.4,11.1
90,135,6,32.8,12.5,23.4,24.5,10.4,15.5,2.6,31.46,0,28,18.3,22.7,25.9,19.5,22.7,3.1,1.7,246,54,7.7,9.7,9.3
90,136,6,35.3,11.3,24.2,31.9,8.4,16.8,2.8,31.2,0,28,18.5,23.2,26.1,19.6,23,1.9,.6,196,67,4.5,8.6,9.7
90,137,6,37.2,14.9,25.9,23.6,7.9,14.8,3.1,31.15,0,31.4,19.6,25.5,29.2,20.5,25.5,2.4,1.3,236,56,6.7,9.4,11.5
90,138,6,32.9,14,23.7,24.5,9.1,14.7,2.7,31.11,0,27.9,20.3,23.7,26.6,21.5,24,2.7,2,250,41,6.3,9.3,10.2
90,139,6,31.2,13.1,21.6,20,10.3,14.4,2.4,25.36,0,25.7,19,21.7,24.7,20.1,22.2,3.1,1.8,238,52,7.6,8,9.3
90,140,6,32.3,9.9,22,32.2,10,17.7,2.4,31.29,0,27.4,17.8,22.3,25.6,19.1,22.3,2.2,1,247,59,5.3,8.6,8.4
90,141,6,36.4,13,25,34,8.8,19,2.9,28.75,0,28.2,19.1,23.3,26.3,20.1,23.2,1.9,1,228,57,4.4,8.2,10.5
90,142,6,38.3,15.6,27.4,35.1,8.7,19.4,3.3,27.09,0,27.2,20,23.6,26,20.9,23.5,2.5,1.7,232,47,6.5,8.5,11.9
90,143,6,40.4,18.8,30.1,30.9,8.2,16.3,3.9,28.21,0,29.6,20.7,24.8,27.6,21.5,24.4,2.4,.7,242,69,6.5,9.1,13.6
90,144,6,34.1,17.7,27.7,23.4,9,14.8,3.3,30.75,0,27.7,22.1,24.6,26.5,22.7,24.6,3.7,3,267,36,7.3,10.5,12.2
90,145,6,36.2,14.3,25.1,29.8,8.4,17.1,2.9,31.71,0,30.8,19.9,25.6,29.2,21,25.5,2.3,1.2,224,55,5.1,9.2,11
90,146,6,35.2,14.9,25.3,24.1,8.9,15.1,3,30.5,0,29.1,21.5,25.1,27.7,22.6,25.2,2.6,1.3,218,57,6,9.3,11.1
90,147,6,36.7,14.6,25.9,24.6,8.5,15.3,3.1,31.35,0,29.1,20.6,24.6,27.5,21.7,24.6,2.4,1.2,220,57,5.1,9.3,11.3
90,148,6,28.7,15,22,94.7,16.8,29.8,1.9,17.96,2,25.4,21.4,22.8,26.3,22.4,23.3,3.8,2.3,278,50,8,6.1,9.1
90,149,6,27.4,13.6,19.7,98,28.9,65.2,1,30.02,1,28.9,20.2,24,26.9,21.1,23.8,1.7,.5,8,69,5.3,6.5,7.8
90,150,6,33.2,12.7,22.8,85.1,13.4,42.3,2,30.61,0,31.8,20.6,25.8,29.7,21.4,25.7,2.1,.7,249,65,6.1,8,9.5
90,151,6,33.5,13.2,24.2,57.2,11.1,26.9,2.5,30.4,0,29.4,22.2,25.4,27.9,23.2,25.5,2.7,1.6,233,52,6.7,8.8,10
90,152,6,32.2,13.9,23.4,46.3,11.8,27.4,2.3,31.09,0,28.2,21.5,24.5,26.8,22.4,24.6,2.5,1.3,248,56,6.2,8.7,9.9
90,153,6,38.3,13.1,26.2,47.6,7,23.3,3.1,31.54,0,29.6,21.2,25,27.7,22.1,24.8,1.9,.2,355,76,4.4,8.9,10.8
90,154,6,42.9,15.6,29.4,39.1,5.2,18.3,4,31.95,0,31,21.8,26,28.7,22.6,25.6,1.8,.7,240,64,4.4,9.4,12.5
90,155,6,44.6,18.8,31.8,29.7,4.6,13.2,4.7,31.97,0,31.3,22.4,26.4,29.1,23.2,26.1,2.3,1,227,61,5.2,10.3,13.9
90,156,6,43.6,20.4,32.3,30.1,5,11.8,4.7,31.79,0,30.4,22.6,26,28.5,23.5,25.9,3.3,1.6,218,57,6.9,11.3,14.5
90,157,6,42.3,19.9,31.1,25.1,5.5,12.5,4.3,32.14,0,31.1,22.5,26.3,29,23.3,26,2.7,1.1,219,63,6.8,10.5,14.1
90,158,6,40.5,19.6,30.2,32.3,6.4,14.3,4,30.26,0,31.6,22.9,27.4,29.9,23.8,27.1,2.3,.7,114,68,5,9.5,14
90,159,6,42,19.5,30.4,60.1,7.9,29.4,3.5,26.49,0,31.7,24.7,27.7,30.2,25.2,27.5,3,1.5,202,57,12.2,8.8,14.1
90,160,6,37.4,22.2,28.2,93.7,22.3,47.6,2.2,17.37,1,29.2,25.3,26.7,28.9,25.7,26.7,2.9,.9,114,68,16.1,5.3,14.7
90,161,6,37.8,20.9,28.4,95.3,10.2,51.4,2.4,31.78,0,29.9,25,27,28.6,25.3,26.8,3.1,1.7,202,54,7,9.4,14.3
90,162,6,37.7,17,28,73.6,9.6,34.4,2.9,30.08,0,30.1,23.7,26.8,28.9,24.4,26.6,2,.9,216,59,4.6,8.4,12.5
90,163,6,39.5,19.2,28.9,43.2,7.8,25.5,3.3,31.69,0,30.5,23.9,26.8,28.9,24.6,26.7,2.6,1.8,203,45,5.8,9.7,13.6
90,164,6,39.1,18.4,28.5,33.2,6.7,16.1,3.6,33.08,0,27.8,23.4,25.4,28.2,24.2,25.7,4.4,3.7,176,31,8.6,12,13.3
90,165,6,38.3,17.3,27.1,21.2,6.9,13.3,3.4,33.32,0,28.4,22.3,25,27.3,23.2,25.1,3,1.9,192,50,7.1,10.5,12.8
90,166,6,35.6,18.5,26.6,20.6,8.7,13.1,3.2,32.81,0,27.7,23.2,25.6,27.2,24.1,25.7,3.4,2.2,242,48,8.2,10.8,12.9
90,167,6,35.1,12.9,24.6,40.7,8,18.1,2.8,33.21,0,28.7,22.1,25.3,27.5,22.9,25.2,1.9,.3,237,74,4.2,9.1,10.2
90,168,6,40.8,13.6,27.5,45.9,6.4,20.1,3.5,33.23,0,29.7,22.6,25.8,28.6,23.3,25.7,1.9,.8,276,62,5.2,9.6,11.4
90,169,6,41.4,18.2,29.8,29.7,5.8,13.7,4,32.19,0,30,23.3,26.2,28.4,23.9,26.1,2.1,1.1,244,58,5.5,9.9,13.5
90,170,6,42.5,19.2,30.7,30.4,5.4,13.4,4.3,33.3,0,29.3,23.6,26.2,28.1,24.2,26.2,2.5,1.6,240,47,5.5,10.7,13.9
90,171,6,44.2,15.8,30.3,36.9,4.7,14.8,4.3,33.82,0,30.7,23.1,26.6,29,23.8,26.4,2,.9,231,59,4.6,10.3,12.7
90,172,6,45.4,19,31.6,33.7,4.3,12.8,4.7,33.34,0,31.3,23.7,27.1,29.5,24.3,26.9,1.8,.9,214,59,3.9,10.2,14.1
90,173,6,44.7,19.1,31.9,32.8,4.5,13.8,4.6,32.28,0,31.9,24.3,28.3,30.4,25.2,28.1,2.2,1.2,228,54,4.8,10.3,14.1
90,174,6,44.9,21.9,33.3,38.7,4.4,14.5,4.8,31.88,0,31.7,25.6,28.4,30.3,26.1,28.2,2.4,.5,237,71,6.2,10.3,15.1
90,175,6,44.9,24.2,34.3,51.8,5.4,22.2,4.6,30.02,0,31.7,26.3,28.6,30.3,26.7,28.4,2.8,1.4,262,57,8,10.2,15.9
90,176,6,47.7,25.7,37,38.4,3.7,11.8,5.9,31.32,0,30.8,26,28.3,29.8,26.4,28.2,2.6,1.9,277,41,6.1,11,16.4
90,177,6,49.4,23.1,36.3,39,2.8,13.7,5.9,31.15,0,32,26,28.4,31.5,26.5,28.2,2.5,1.5,288,51,5.9,11,15.7
90,178,6,46.5,26.4,36,21,3.9,9.7,5.7,25.34,0,30.6,26.1,28,29.9,26.6,28,2.6,1.7,272,48,6.5,9.5,16.6
90,179,6,47.1,24.9,35.6,36.2,3.6,12.5,5.5,30.59,0,32.5,26.1,29.5,31.4,26.7,29.3,2.7,1.9,247,45,5.7,10.9,16.2
90,180,6,42.3,26.2,33.8,44.1,8.2,24.9,4.2,27.94,0,32.1,27.6,29.5,31.3,27.9,29.4,2.9,1.5,264,56,5.8,9.6,16.4
90,181,6,44.5,28.2,36.4,39.6,7.7,20.8,5,28.99,0,32.9,27.7,29.8,31.6,28,29.6,3.4,2.2,260,49,6,10.5,17
90,182,6,44.6,28.9,36.6,40.6,5.5,16.2,5.4,27.9,0,33,28,30,31.6,28.1,29.8,2.9,1.1,248,64,9.4,10.2,17.1
90,183,6,41.1,24.6,31.3,84.8,11.8,45.2,2.9,27.62,4,33.3,27.7,30,31.9,28.1,29.9,3.8,2.1,198,54,14.1,8.7,15.9
90,184,6,40.2,23.9,30.8,80.8,15.4,46.2,2.7,29.36,0,33.4,28.2,30.4,32.1,28.3,30.1,2,.4,130,74,4.5,8.2,15.6
90,185,6,41.6,25.9,33,60.4,7.4,30.3,3.8,31.37,0,33.5,28.2,30.5,32,28.6,30.3,2.7,2,246,40,6.8,9.9,16.3
90,186,6,36.1,25.5,30.2,56.6,19.8,37.3,2.8,13.49,0,31.3,28.2,28.9,31.8,28.5,29.1,2.3,.8,119,66,5.1,4.3,15.9
90,187,6,32.5,24.4,28.1,85.9,46.4,60.2,1.6,9.47,0,30.4,27.4,29.4,30.4,27.8,29.5,1.9,.3,162,74,6.7,2.3,15.1
90,188,6,35.4,22.5,27,94.3,36.5,70.2,1.2,17.76,1,31.7,28.4,29.6,31.4,28.6,29.6,2.8,1.8,176,48,10.4,4.4,14.6
90,189,6,35.7,20.7,27.2,94.7,36.4,71.9,1.2,24.92,0,32,27.6,29.7,31.1,28,29.5,2.6,1.4,177,54,9.7,6.1,13.9
90,190,6,37.7,22.1,28.9,92.1,29.4,63,1.8,29.02,0,33.7,28.2,30.4,32.3,28.5,30.2,2.9,1.3,168,60,8.4,7.8,14.7
90,191,6,40.6,23.8,30.5,91.5,18.4,57.6,2.3,29,0,33.8,28.9,30.9,32.5,29,30.6,2.8,.7,213,70,12.6,8.1,15.6
90,192,6,40.4,23.1,30.6,94.7,23,60,2.2,27.59,0,35.8,29.1,31.2,34.5,29.3,30.9,2.1,1,245,59,4.6,7.4,15.3
90,193,6,42.1,26.2,33.1,78.4,10.3,39.4,3.5,29.04,5,35.9,29.4,31.4,34.7,29.7,31.2,3,1.5,178,58,15.7,9,16.5
90,194,6,40.8,24.1,32,93.8,9.5,51,2.8,30.21,0,36.4,29.2,31.6,35.1,29.5,31.3,2.2,.9,259,63,6.3,8.6,15.7
90,195,6,33.5,23.2,27.3,92.9,35.2,73.5,1,14.96,9,32.4,28.8,30,33,29.3,30.2,2.8,1.9,205,46,7.1,3.6,14.7
90,196,6,31.7,19.6,24.2,96.8,54.4,87.5,.5,16.19,38,31.3,26.8,28.6,31.7,27.3,28.8,2.5,1.8,169,43,8.5,3.3,12.6
90,197,6,36.4,23.9,28.3,94.3,35.5,73.9,1.2,29.33,0,33.9,28,30.5,32.5,28.3,30.2,2.4,1.5,186,50,7.3,7.2,15.3
90,198,6,37.6,23,29.5,94.5,34.3,69.4,1.5,29.64,0,34.2,28.7,31.2,32.9,29,30.9,1.9,1.3,178,45,4.2,7.4,15
90,199,6,40.5,25.3,31.8,91.2,22.3,61.8,2.2,30.02,0,34.3,29.3,31.6,33,29.6,31.3,2.3,2.1,195,28,4.3,8.2,16.1
90,200,6,41.4,24.7,32.9,88.2,14.1,45.9,3.1,29.84,0,34.1,999,31.7,33.1,999,31.5,2.7,1.7,223,50,7.1,9.1,15.9
90,201,6,37.5,26.6,30.6,78.4,33.7,57.8,2,24.22,0,33.3,29.5,31.1,32.4,29.9,31.2,3.3,2.8,184,30,8.7,6.9,16.4
90,202,6,39.7,24.1,31.3,86.7,13.1,49.5,2.6,28.46,0,33.7,29,30.9,32.6,29.5,30.9,3.4,1.4,251,63,12.9,8.6,15.7
90,203,6,39.5,23.6,31.6,83.3,15.7,40.8,3,29.76,0,33.6,28.5,30.9,32.7,29,30.8,2.4,.9,304,65,9.2,8.7,15.4
90,204,6,36.9,23.4,30,72.8,17.9,43.1,2.6,22.97,0,31.9,28.5,30.1,31.5,29.1,30.3,2.7,1.4,155,56,10.8,6.7,15.1
90,205,6,35.1,21.2,27.7,95.1,27.6,58.5,1.7,24.24,0,32.6,28.1,29.9,31.8,28.6,30,3.3,1.3,121,63,9.6,6.5,14
90,206,6,37.1,24.8,30,87.5,28.9,59.4,2,29.72,0,34.3,28.3,30.9,33,28.8,30.7,2.7,2.2,179,33,5.7,7.8,15.7
90,207,6,38.8,22.3,30.1,87.7,11,48.8,2.6,30.38,0,35.4,28.5,31.9,34.1,29.1,31.7,2.1,1.4,196,47,4.2,8.3,14.9
90,208,6,40,21.5,30.6,72.3,7,34.9,3.4,30.79,0,34.8,29.1,31.8,33.7,29.8,31.8,2.1,1.3,187,49,4.1,8.8,14.7
90,209,6,40.7,20,30.1,65.4,5.9,30.1,3.6,30.91,0,34.2,28.4,31.1,33.1,29.1,31.2,2.3,1.5,202,48,4.5,9.2,14
90,210,6,41.1,20.2,30.4,65.7,6,29.7,3.6,30.75,0,34.3,28.1,31,33.1,28.7,31,2.1,1.6,194,42,3.8,9.1,14.2
90,211,6,40.5,22,31.4,53.2,6.7,24.6,3.8,30.24,0,34.2,28.2,30.9,33,28.9,30.9,3.2,.9,122,69,14.8,9.9,14.8
90,212,6,38.9,22.7,30.9,54.7,8.4,29.2,3.5,29.33,0,34.3,28.3,31,33.1,28.8,30.9,2.7,1.1,161,62,9.8,9.1,15
90,213,6,37.8,22,28.8,94.7,14.4,49.8,2.3,26.5,21,34.1,28.4,30.7,32.9,29.1,30.7,3.2,1.3,144,62,18,7.4,14.7
90,214,6,34.4,20.1,26.8,95.6,31.6,71.1,1.2,29.14,0,34.4,27.5,30.5,32.8,28.2,30.3,2,1,167,57,5.7,6.9,13.4
90,215,6,37.8,21.8,29,94.5,17.8,61.9,1.9,29.13,2,34.4,28.8,31.3,33.2,29.2,31.1,2.3,1.1,194,58,13.2,7.7,14.6
90,216,6,38.4,20.8,28.9,94.2,11.6,57.1,2.1,29.36,0,34.3,28.6,31.3,33.2,29.1,31.1,2,1.3,179,49,5.9,7.6,14.2
90,217,6,39.3,22.6,30.9,76.9,8.6,37.2,3.1,29.8,0,33.4,28.5,30.7,32.5,29.1,30.8,3,2.2,101,43,7.2,9.3,15
90,218,6,37.1,24.1,30.8,56.1,15.7,33,3.1,29.12,0,32.1,28.2,30,31.7,28.9,30.2,4.3,3.9,122,26,8.1,10.1,15.4
90,219,6,34.4,24.7,28.7,64.8,25.4,41.2,2.4,28.58,0,31.9,27.3,29.3,31.1,28.1,29.5,3.9,3.1,117,38,8.5,9.1,15.5
90,220,6,38.6,22.5,30.2,78.2,9,41.6,2.9,29.74,0,32.9,27.5,29.8,31.8,28.1,29.8,2.6,1.5,127,53,7.5,8.9,14.9
90,221,6,39.3,23.4,30.9,70.6,13.9,39.9,3,29.08,0,32.7,27.7,30,31.8,28.2,30,2.9,1.9,159,47,6.7,9.1,15.4
90,222,6,40.5,23.3,32,76.8,9.1,37.1,3.4,28.93,0,33.7,27.9,30.5,32.4,28.4,30.3,2.3,1.1,215,57,6.3,8.7,15.4
90,223,6,38.9,21.9,30.2,90.4,22.5,47.8,2.5,26.09,0,34.2,28.5,30.8,33,28.9,30.6,3.3,1.2,240,64,12.4,7.9,14.8
90,224,6,35.7,21.6,27.2,94.1,19.4,60.8,1.7,20.59,0,31.5,28.2,29.6,30.9,28.7,29.8,3.1,1.6,137,56,10.4,5.8,14.3
90,225,6,33.2,21.3,26.3,95.1,32.3,66.4,1.3,23.07,0,31.9,27.9,29.6,31.2,28.2,29.6,2.5,1.3,119,58,6.3,5.8,13.7
90,226,6,23.5,20.6,22.1,96,85.8,93.1,.2,4.19,8,30.3,27.2,28,30.8,27.7,28.5,2.1,.5,174,71,5.5,.5,9.3
90,227,6,30.3,20.9,24.3,94.9,62.7,86.4,.5,21.68,4,31.6,26.5,28.5,30.4,27,28.4,1.9,1.1,113,53,5.1,4.5,12.8
90,228,6,35.1,21.7,27.6,94.8,37.5,73.7,1.2,27.46,0,33,27.2,29.8,31.7,27.5,29.5,1.4,.6,164,61,4.3,6.5,14.2
90,229,6,36.1,21.3,28.3,94.3,29.1,65.4,1.6,27.68,0,33.6,27.9,30.5,32.4,28.3,30.3,1.5,.8,148,56,3.3,6.9,14.2
90,230,6,37.7,20.4,28.1,91,7.8,51,2.3,29,0,33.1,27.9,30.2,32,28.4,30.2,2.2,2,167,24,4.4,7.8,14
90,231,6,36.5,20.4,27.9,64.6,9.3,35.4,2.7,28.4,0,31.8,26.9,29.1,31.2,27.7,29.3,3.1,2.8,171,27,5.8,8.8,13.9
90,232,6,36,19.5,27.5,69.7,8.6,33.6,2.7,28.69,0,31.4,26.5,28.8,30.6,27.2,28.9,2.9,2.7,167,20,5.6,8.7,13.4
90,233,6,36.6,16.1,26.8,89,8.4,37.6,2.7,28.75,0,32,25.9,28.8,30.9,26.6,28.8,1.6,.8,177,57,4.2,7.8,11.9
90,234,6,37.9,16.8,27,82.2,7.5,41.6,2.7,28.38,0,32.2,26.2,28.9,31,26.9,28.9,1.8,1,184,55,3.5,7.6,12.5
90,235,6,38.7,16.2,26.8,74.1,7.3,34.5,2.8,28.57,0,31.9,26,28.7,30.8,26.7,28.8,2,1.3,179,47,3.4,7.9,12.3
90,236,6,37.5,18,26.9,48.5,7.7,27.4,2.9,28.64,0,30.9,26.3,28.6,30.3,25.9,28.7,3,2.6,164,28,6.2,9,12.9
90,237,6,37.8,14.7,26.6,68.3,7.8,30.2,2.9,28.54,0,31,25.2,28,30.1,26,28.1,2,1.2,168,51,4.5,8,11.4
90,238,6,37.4,18.3,27.4,61.2,8.4,32.8,2.8,27.36,0,30.9,25.6,28.1,30.1,26.3,28.2,2,.7,130,66,4.1,7.8,13
90,239,6,37.6,20.8,28.8,63.3,12.4,35.5,2.8,21.5,0,31.1,26.2,28.5,30.2,26.7,28.5,2,1,199,59,4,6.3,14.2
90,240,6,38.9,21.5,30.1,91.3,13.8,49.7,2.6,26.26,0,32.4,26.8,29.3,31.2,27.2,29.1,2.1,1.2,234,54,4.6,7.5,14.6
90,241,6,40.7,23,31.1,80.3,10.1,41.6,3.1,26.26,0,32.9,27.3,29.7,31.6,27.8,29.6,2.7,1.3,200,58,13,8.1,15.3
90,242,6,39.2,22,30.4,79.7,10.8,41,2.9,25.71,0,32.5,27.3,29.6,31.5,27.8,29.6,2.1,1.4,166,47,5.9,7.5,14.8
90,243,6,32.1,22.6,26.9,90.5,47,65.7,1.3,17.92,11,31,27.6,29.2,31.1,27.6,29.2,2.4,1,81,61,12.1,4.6,14.1
90,244,6,34.7,23.3,27.7,92.7,34,66.4,1.4,14.46,0,30.2,27.7,28.7,30.4,28,28.8,1.9,.7,57,65,5,3.8,14.9
90,245,6,36.3,21.5,28.1,94.7,31.5,71.3,1.4,25.79,7,32.4,27,29.4,31.3,27.5,29.3,1.9,.6,35,68,5.3,6.2,14.3
90,246,6,35.9,22,27.5,92.3,35.2,69.1,1.3,19.83,0,31.9,27.8,29.5,31.3,28.1,29.5,3,.9,189,68,8.5,5.3,14.5
90,247,6,36.1,20.6,26.8,94.8,18.8,66.3,1.5,22.53,0,31.7,27.2,29,30.8,27.6,29.1,2.4,1.4,213,52,8.1,6,13.9
90,248,6,32,21.9,25.9,94.7,50.7,79.6,.8,21.23,8,31.5,27.3,29,30.5,27.6,29,2.1,1.1,274,56,6.8,4.7,13.8
90,249,6,36.5,21.5,27.9,94.6,29.1,66.9,1.6,25.27,0,36.4,26.8,30.6,34.1,27.7,30.3,1.6,.6,266,66,3.9,6.3,14.3
90,250,6,38.5,20.6,28.7,92.8,13.9,57.5,2.2,25.7,0,39.2,24.2,30.6,35.8,25.6,30.2,1.7,1.2,208,44,4,6.8,14.1
90,251,6,40.6,20.9,30.1,86.5,8.7,48.3,2.8,25.25,0,41.1,24.6,31.8,37.3,26,31.2,1.7,.8,197,58,3.5,7.1,14.5
90,252,6,41.6,22.2,30.6,79.2,8.1,44.5,3,25.31,0,42.1,25.7,32.8,38.2,27.1,32.1,1.7,.7,202,63,3.2,7.2,15
90,253,6,42.8,22.2,30.9,75.3,5.7,39.4,3.3,24.72,0,42.1,25.8,32.8,38.2,27.2,32.2,1.8,.7,234,65,4.8,7.4,15.1
90,254,6,42.2,20.4,30.8,74.7,6.3,31.6,3.6,24.86,0,41.9,25.3,32.5,38.1,26.8,32.1,1.9,1.3,221,43,3.7,7.6,14.3
90,255,6,39.7,22,30,86.6,10.6,45,2.7,24.72,0,42,26,32.7,38.1,27.4,32.2,2.3,1.4,239,51,4.9,7.2,14.8
90,256,6,39.9,22.7,30.1,87.3,9.8,46,2.7,24.33,0,42,26.3,33,38.3,27.5,32.4,2.1,.6,220,67,4.1,6.9,15.1
90,257,6,36.9,21,29.4,93,24,53,2.2,22.36,1,40.6,27.1,32.7,37.2,28.2,32.2,3.1,1.8,236,53,11.2,6.8,14.1
90,258,6,32,20.3,25.1,95,38.1,72.3,1,19.34,0,38.4,25.1,30,34.6,26.6,30.1,2.3,1.2,346,58,5.7,4.6,13.1
90,259,6,33.9,18.7,25.8,95.2,35,66.4,1.4,24,0,39.9,24.4,31,36.3,25.9,30.6,1.9,.1,275,79,4.4,5.9,12.6
90,260,6,36.2,19.3,26.6,90.8,14.3,58,1.8,21.53,0,38.3,24.7,30.5,35.3,26.2,30.4,2.4,1,158,61,8.7,5.8,13.3
90,261,6,33.7,19.3,25.1,93,26.8,68.4,1.2,17.57,0,35.6,24.2,28.7,32.9,25.6,28.8,2.5,1,116,64,6.4,4.6,12.9
90,262,6,35.3,15.8,24.7,86.5,11.2,39.5,2.2,21.82,0,37.3,21.6,28.5,34,23.7,28.5,2.4,1.7,171,44,5.8,6.4,11.6
90,263,6,33,17.7,23.9,94,26.3,65.3,1.2,20.36,0,37.3,23.1,28.7,33.7,24.7,28.6,2.7,1.5,29,54,7.4,5.2,12
90,264,6,34.1,16.8,23.8,95.4,17,68.2,1.3,21.51,0,32.6,23,27.4,31.1,25,28.1,1.8,.6,206,66,6.8,5.3,11.8
90,265,6,33.9,17.5,24.6,94.4,16.5,60.3,1.6,19.22,0,30.4,21.6,25.1,29.2,23.2,25.7,2.4,1,86,61,6.2,5.2,12.1
90,266,6,35.3,17.7,26.5,93.6,22.5,53.7,1.9,21.77,0,36.1,21.4,27.2,32.8,22.8,27,3.4,2.2,106,48,9.5,6.7,12.4
90,267,6,35.8,21,27.3,62.2,17.8,38.4,2.4,22.84,0,37,22.9,28.7,33.8,24.3,28.4,3.6,2.7,79,42,8.5,7.2,14
90,268,6,36.3,17.9,26.1,85,10.4,44.5,2.3,22.49,0,37.4,22.7,28.9,34.1,24.1,28.7,1.7,.3,243,74,4.8,6.1,12.7
90,269,6,36.1,17.3,25.9,64.9,8,31.4,2.7,22.12,0,36.7,22,28.4,33.6,23.8,28.3,1.9,.4,218,71,3.7,6.3,12.4
90,270,6,36.4,13.9,24,61.2,7.5,30.7,2.5,23.09,0,36.6,20.8,27.6,33.4,22.9,27.7,1.9,.8,220,61,5.8,6.5,10.9
90,271,6,34.3,15.1,23.5,52,8.5,28.7,2.4,22.84,0,29.5,20.2,24.7,28.4,22.7,25.6,2.5,1.8,172,45,6.1,6.9,11.1
90,272,6,32.9,13,22.3,77,9.1,33.4,2.1,22.89,0,28.5,16.7,22.1,27,19.1,23,2.1,.8,191,62,4.3,6.2,9.7
90,273,6,23.9,13.8,17.6,96.6,43.2,70.8,.6,3.89,2,21.7,17.9,19.3,24,19.6,20.8,3.3,1.8,142,55,10.8,1.2,6.1
90,274,6,26.1,15.4,19.4,96.3,43.7,81,.5,16.99,3,26.9,18.3,21.3,25.4,19.7,21.8,2.1,.8,2,63,6.8,3.4,8
90,275,6,28.7,13.6,20.6,96.3,26.2,66.7,1,21.57,0,30.7,17.7,23.2,28.2,19.3,23.3,1.8,.7,239,64,4.3,4.8,8.4
90,276,6,32.2,13.8,22,94.3,17.6,60.1,1.4,21.64,0,32.8,18.1,24.5,29.8,19.9,24.4,1.7,.5,211,69,4.2,5.2,9.9
90,277,6,36.2,13,23.7,94.5,8.1,50.3,2,21.95,0,30.6,18.9,24.8,28.9,20.7,25.5,1.7,.7,158,63,4.7,5.8,10.4
90,278,6,36.5,13.9,24.2,90.6,8.2,46.7,2.1,21.22,0,29.9,18.5,23.5,28,20.3,24,1.6,.7,230,60,3.7,5.6,10.9
90,279,6,35.1,17.7,25.2,67,11.2,41.4,2.2,20.23,0,32.7,18.8,24.7,29.9,20.4,24.7,2.1,1.2,189,51,4.7,5.7,12.4
90,280,6,34.2,15.6,25.5,73.4,8.4,37.7,2.4,19.29,0,32,21.4,25.6,29.7,22.5,25.6,3.5,3,193,31,7.8,6.8,11.3
90,281,6,30.6,12.7,20.7,64,9.7,32.8,1.9,21.31,0,31.7,18.8,24,29.1,20.7,24.4,2.4,.9,282,63,6.3,6.1,8.8
90,282,6,29.7,7.6,18.6,41.5,9.9,18.2,2,21.95,0,30.2,15.3,21.8,27.6,18,22.5,2,1.4,5,47,5.5,6.2,7
90,283,6,31.1,6.1,17.7,67.1,9.6,28.1,1.8,21.68,0,30.4,14.6,21.6,27.7,17.1,22,1.6,0,188,80,4.2,5.6,7.2
90,284,6,32.8,5.5,18.4,63.7,8.9,29.1,1.9,21.3,0,31.2,14.7,21.5,30,17.1,23,1.6,.3,231,74,3.6,5.5,7.6
90,285,6,32.8,6.2,18.6,65.6,8.7,28.4,1.9,20.99,0,25.9,14.6,19.7,24.6,17.2,20.9,1.5,.3,213,73,3,5.4,7.7
90,286,6,33.8,6.9,19.2,52.5,8.3,26.6,2.1,20.74,0,26,13.2,19.2,24.3,15.9,20,1.5,.2,253,75,3.6,5.4,8.1
90,287,6,34.6,6.8,19.8,55.6,8.4,24.3,2.2,20.37,0,28.6,13.9,20.3,26,16.2,20.7,1.7,.4,136,71,4.2,5.5,8.4
90,288,6,33,9,20,54.3,8.8,28.9,2,19.69,0,29.5,15.1,21.5,26.7,17.2,21.6,1.6,.3,339,74,4.6,5.2,8.4
90,289,6,32.5,12.8,22.4,60,9.8,31,2.1,18.56,0,30.3,999,22.4,26.9,999,22.4,1.7,.6,187,65,4.2,5.1,9.5
90,290,6,32.8,15.2,23.2,85.7,15.3,46.2,1.8,18.94,0,31.8,18.8,24.1,28.7,19.9,23.8,1.7,.5,161,68,4.2,4.9,10.7
90,291,6,34.9,13.1,22.9,81.2,9.4,41.7,2.1,18.64,0,29.4,18.7,24.1,28,20.3,24.7,1.5,.7,226,58,4.9,5,10.2
90,292,6,30.6,16.3,23.2,79.7,18.7,42.7,1.8,16.76,0,25.9,18.9,21.8,24.9,20.4,22.6,3.2,2.4,232,40,7.6,5.4,10.6
90,293,6,24.1,8.6,16.7,47.7,12.7,26.4,1.5,19.65,0,23.7,15.1,18.7,22.7,17.3,19.9,2.6,1.6,277,50,6.6,5.4,4.5
90,294,6,26.1,3.9,14.9,65.8,11.8,28.4,1.5,19.67,0,24.6,12.6,17.9,22.9,14.9,18.7,1.8,1,1,53,5.2,5,4.7
90,295,6,28,4.2,15.8,63.7,11.1,30,1.6,19.14,0,25.7,13,18.5,23.5,15.1,19.1,1.8,.4,36,72,5.9,5,5.6
90,296,6,30.3,5.5,16.6,56.6,10.1,29.7,1.7,18.88,0,26.3,13.4,19,24,15.4,19.4,1.4,.4,206,70,3.7,4.7,6.9
90,297,6,32.9,6.2,18.1,61.7,8.8,27.5,1.9,18.89,0,26.9,13.9,19.5,24.5,15.8,19.8,1.4,.4,258,70,3.2,4.9,7.7
90,298,6,34.6,7.8,19.2,53.7,8.6,27.7,2,18.69,0,26.3,15,20.9,24.7,17,21.6,1.6,.2,230,76,4,5.1,8.6
90,299,6,33.4,7.2,18.9,58,8.7,27,2,18.35,0,25.2,13.3,18.4,23.3,15.5,19.2,1.5,.2,183,75,3.2,4.8,8.2
90,300,6,33.7,7.5,18.9,61.9,8.9,28.8,2,17.9,0,24.9,12.4,18,23,14.7,18.6,1.4,.2,245,75,3.7,4.7,8.3
90,301,6,34.9,8,21.4,59.5,8.6,24.6,2.4,17.65,0,26.8,13.2,19.2,24.2,15.1,19.4,2.5,1.6,90,49,7.2,6,8.6
90,302,6,33.7,9,19.8,50.5,8.8,26.3,2.1,17.28,0,27.5,14.4,20.1,24.9,16.1,20.2,1.4,.3,217,72,3.4,4.6,8.7
90,303,6,33.5,8.8,20,51.9,8.8,26.3,2.1,15.5,0,27.5,14.6,20.1,24.5,16.3,20.2,1.5,.2,148,75,4.5,4.3,8.5
90,304,6,31.5,12.3,20.6,59.6,10.4,28.8,2,13.36,0,26.6,16.1,20.5,24.3,17.4,20.6,2.5,1.2,209,58,7.1,4.6,9
90,305,6,28.7,13.5,20.1,61.3,11.8,28.2,1.9,15.29,0,23,15.5,19.6,23.1,17.6,20.5,3.5,2.7,209,40,8.8,5.6,8.3
90,306,6,20.7,10.4,15.6,96.9,18,51,.9,16.74,3,21.9,13.1,16.8,20.7,15.6,17.8,3,2.1,255,44,11.3,4.1,3.3
90,307,6,19.6,3.7,11.3,75.2,15.8,36.4,1,16.95,0,19.9,9.2,13.9,18.9,11.9,15.3,2.1,1,226,60,5.1,3.8,2
90,308,6,20.8,1.4,10.5,94.8,14.4,53.9,.8,16.94,0,21.2,8.6,14.1,19.5,11.1,15,1.5,.1,244,78,4.5,3.3,2.3
90,309,6,23.3,1.2,11.5,89.9,13.6,50.2,.9,16.84,0,22.2,8.8,14.6,20,11.1,15.3,1.5,.5,158,65,4.3,3.4,3.3
90,310,6,22.3,2.6,13,85.2,14.1,38.6,1.1,16.56,0,21.7,9.4,15,19.7,11.6,15.5,2.7,2.2,268,36,6.9,4.5,3
90,311,6,17.9,5.2,12,45.7,16.5,28,1.1,16.36,0,21,10.5,15.3,19.4,12.5,15.9,2.3,1.6,264,45,5.4,4,1.4
90,312,6,20.3,.9,10.2,71.8,14.6,38.9,.9,16.17,0,23.5,9.3,16.3,22.3,11.8,17.5,1.7,.5,199,68,3.7,3.4,2.1
90,313,6,25.4,1.7,13.2,73.6,12.4,37.5,1.2,16.1,0,20.2,8.7,14,18.8,11.2,14.9,1.7,.7,46,63,4.5,3.8,4.1
90,314,6,28.3,4.4,15.2,71.4,11.1,34.6,1.4,16.12,0,20.3,9.5,14.3,18.8,11.6,15,1.8,.8,3,61,4.9,4.1,5.8
90,315,6,29.4,4.5,16.1,62.1,10.6,31.7,1.6,15.89,0,22.2,9.3,15,20,11.3,15.4,1.9,.9,75,59,5.2,4.3,6.3
90,316,6,29.4,6.9,17,55.9,10.6,28.6,1.7,14.58,0,23.2,11.2,16.1,20.6,12.7,16.4,2.2,1.1,42,57,7.1,4.4,6.7
90,317,6,30,7.2,17.9,51.3,10.4,25.7,1.8,15.43,0,23.8,11.8,16.8,21.4,13.2,16.9,2.1,1.2,41,54,6.3,4.7,7.1
90,318,6,30,5.9,16.3,57,10.5,32.6,1.6,15.19,0,23.9,11.4,16.7,21.4,13.1,16.9,1.4,.4,177,70,3.1,3.8,6.9
90,319,6,28.6,5.8,15.9,66.9,11.1,32.9,1.5,14.93,0,25.8,11.9,18.6,24.7,13.9,19.4,1.5,.3,31,74,3.4,3.7,6.1
90,320,6,28.3,5.6,15.5,62.1,11.1,32.6,1.5,14.71,0,21.6,11.3,16,20.2,13.5,16.8,1.5,.4,231,71,3.1,3.6,5.9
90,321,6,28.1,10.4,17.2,46,11.3,29.1,1.6,13.84,0,22,12.6,16.1,20.2,14,16.6,1.5,.2,232,75,3.4,3.6,6.8
90,322,6,27.7,5.7,15.6,62.4,11.7,32,1.5,14.28,0,21.6,10.7,15.4,19.9,12.6,16,1.5,.2,294,74,3,3.5,5.7
90,323,6,25.4,8.1,16.5,49.1,14.4,31.1,1.4,11.38,0,20.7,11.8,15.9,19.3,13.3,16.2,1.9,.1,282,78,4.8,3.2,5
90,324,6,18.7,10.3,15,96.7,26.5,77.7,.4,6.98,8,19.4,14,16.4,18.6,15.5,16.9,2.9,2.4,178,34,8,1.3,2.3
90,325,6,20.6,6.5,12.2,96.6,25.7,77.5,.4,14.54,0,20.7,11.2,15,20.3,12.9,15.7,1.2,.1,172,77,3.3,2.3,2.7
90,326,6,22.7,1.9,11.4,97.1,13.5,57.9,.8,14.78,0,18.7,8.4,12.8,17.4,10.7,13.9,1.7,.6,355,64,4.1,3.1,3.1
90,327,6,23.9,1.2,11.7,91.4,12.9,50.8,1,12.97,0,18.1,7.3,12.4,17,9.6,13.3,1.5,.3,74,74,3.9,2.7,3.5
90,328,6,26.8,4.5,14.1,89.4,14.2,53.3,1.1,13.88,0,21.4,9.1,14.3,19.1,10.8,14.6,1.2,.1,141,77,2.7,2.9,5.1
90,329,6,26,7.3,15.6,94.7,19.6,57.3,1,13.22,0,22.2,11.3,15.8,20,12.7,16,1.5,.3,174,74,3.7,2.8,5.2
90,330,6,18.2,4.1,11.8,91.9,20,58.4,.6,7.06,1,15.7,8.8,12.9,17,11.3,14.2,4.5,2.9,223,48,12.1,2,1.5
90,331,6,15.5,-1.1,6.6,83,16.5,46.7,.6,13.93,0,16.9,5.7,10.2,15.6,8.2,11.5,1.8,.6,223,67,4.8,2.5,.5
90,332,6,17.2,-3.7,5.8,93.2,15.3,52,.6,14.07,0,16.7,4.6,9.7,15.1,7,10.8,1.6,.3,344,74,4.3,2.5,.9
90,333,6,21.6,-1.1,10.2,66,13.4,33.1,1.1,14.18,0,17,5.1,10.4,15.3,7.3,11.1,3.5,2.9,61,34,9.9,4.6,2.5
90,334,6,21.6,-.5,10.4,61.4,13.8,32.8,1,12.01,0,22.5,6.5,13,21.6,8.4,14.1,1.6,.1,290,79,4,2.8,2.5
90,335,6,20.2,.2,9,72.5,15.1,39.5,.8,13.42,0,17.8,7.2,11.6,16.2,9.5,12.8,1.6,.7,199,63,3.4,2.8,2
90,336,6,20.5,-1.1,8.3,77.9,13.8,37.3,.9,13.62,0,16,5.2,9.7,14.7,7.6,10.9,1.8,.7,236,62,4,2.9,2.1
90,337,6,19.7,-2.8,8,64.6,14.1,31.3,.9,13.39,0,14.3,4.1,8.7,13.3,6.5,9.9,2.2,1,6,59,6.5,3.3,1.7
90,338,6,21.3,-1.3,9.8,44.1,13.5,22.1,1.1,13.71,0,16,4.2,9.2,14.3,6.4,10.1,2.2,1.6,13,45,5.9,3.6,2.4
90,339,6,19.8,-2.4,7.9,48.2,14,26.1,.9,10.56,0,15,4.5,9.3,13.6,6.7,10.1,1.5,.6,210,63,3,2.4,1.8
90,340,6,21.1,-2.2,8.1,53.6,13.6,27.5,.9,13.61,0,17.1,5.5,11.4,16,7.8,12.4,2.3,1.1,35,58,7.8,3.5,2.2
90,341,6,20.8,-2.5,8.7,36.1,13.7,20.9,1,13.23,0,14.4,3.4,8.2,13.1,5.8,9.3,1.9,1.1,37,54,5.6,3.3,2.1
90,342,6,23.4,.9,10,40.8,12.7,22.3,1.1,13.55,0,15.1,4.7,8.9,13.6,6.4,9.6,1.7,.6,4,64,4.4,3.3,3.2
90,343,6,23.5,-1.5,9.2,43.1,12.7,23,1.1,13.44,0,15.2,3.5,8.6,13.5,5.7,9.4,1.7,.4,117,72,3.8,3.2,3.1
90,344,6,23.4,-2,9.4,45.4,12.7,23.3,1.1,13.08,0,15.9,3.6,8.9,13.9,5.7,9.6,1.5,.4,170,68,3.5,3,3.1
90,345,6,23.5,-.2,11,48.1,13,26.8,1.1,12.41,0,16.9,5.2,10.4,14.8,6.9,10.7,1.6,.1,26,78,3.7,3,3.2
90,346,6,20.5,9.4,13.9,78.8,22.3,39.7,1,4.55,0,16,10.2,12.3,15.5,10.8,12.3,1.9,.6,357,66,5.5,1.4,3
90,347,6,22.5,8.2,14.7,95.7,30.9,62.7,.7,10.84,0,19.5,11.3,15,17.8,12.3,15.2,2.6,1.6,151,50,6.5,2.5,3.7
90,348,6,19.4,5.6,11.1,73.8,31.5,52.9,.7,9.91,0,17,8.7,11.8,15.4,10.2,12.6,1.6,.6,217,63,3.6,1.9,2.1
90,349,6,13,4.3,8.4,96.7,47.7,78.6,.2,2.92,13,12.4,8.2,10.2,12.3,9.5,11,1.6,1.1,152,45,5,.1,0
90,350,6,15.1,4,9.8,96,51.2,83.4,.2,7.97,5,16.4,7.3,11.6,15.9,9.6,12.1,2.2,1.5,252,45,5.5,1,.5
90,351,6,12.7,1.1,5.7,93.1,23,68.6,.4,12.14,0,13.2,4.5,7.9,12.2,6.6,9.1,2.6,1.5,205,52,5.9,1.9,0
90,352,6,13.8,-2.2,4.3,97.6,22,74.9,.3,13,0,13.9,2.8,7.2,12.9,5,8.2,1.2,.3,149,72,3,1.7,.1
90,353,6,17.6,-1.9,7.1,97.6,25,71.7,.4,12.86,0,14.1,2.7,7.8,12.5,4.8,8.4,2.3,1.3,193,53,7.4,2.1,1.1
90,354,6,12.5,2.1,8.4,94.5,53.5,78.9,.3,7.67,0,12.9,6,9.6,12.7,8.1,10.2,4.3,2.4,227,53,9.1,1.3,0
90,355,6,6.8,-1.4,2.9,94.4,53.2,79.3,.2,5.22,1,8.5,2.9,5.8,9.3,5.1,7,2.5,.8,306,68,6.6,.4,0
90,356,6,6.2,-4.5,1.3,97.9,20.6,64.9,.3,12.27,0,10.2,2.2,5.7,10.7,4.7,6.9,2.6,1.6,279,49,6,1.7,0
90,357,6,6.5,-6.6,-.8,91.3,19.5,56.1,.3,13.16,0,8.8,.3,3.2,8,2.5,4.7,2.2,1.7,9,40,5.3,1.9,0
90,358,6,11.6,-3.9,2.7,81.7,17.2,42.1,.5,12.43,0,11.5,1.2,4.9,9.9,2.9,5.7,2,1.3,354,47,4.6,2.2,0
90,359,6,12,-5.1,1.3,95,18.8,63.5,.3,10.25,0,10.6,1,4.6,9.4,2.8,5.6,1.5,.6,170,62,3.5,1.3,0
90,360,6,12.9,-6.1,1.9,97.6,18.9,64.4,.4,13.14,0,12.6,.7,4.9,11.5,2.5,5.7,1.5,.7,191,59,3.5,1.9,0
90,361,6,13.8,-5.7,3.8,97,17.4,60.2,.5,10,0,13.9,1.1,7.9,12.2,3.2,8.6,1.5,.2,117,76,4,1.5,.1
90,362,6,9.3,4.9,6.9,96.8,74.3,94.8,.1,3.11,8,11.4,7.7,9.1,10.6,8.3,9.3,1.4,.6,311,60,3.1,0,0
90,363,6,14.2,5.2,9.2,96.7,85.9,93.5,.1,7.5,3,15.1,7.8,10.6,13.5,9,10.5,1.5,1,329,48,4,.6,.2
90,364,6,14,1.5,6.6,96.4,48.4,78.3,.3,11.2,0,12.8,4,8,11.6,5.8,8.7,2.1,1,318,59,5.1,1.5,.2
90,365,6,17.3,0,7.2,96.9,43.8,79.7,.3,12.65,0,15.1,3.8,8.5,13.1,5.4,8.9,1.4,.4,215,67,2.9,1.7,1
