92,1,6,17.3,.6,7.3,98.8,35.8,74.4,.4,11.39,0,15.6,4.8,9.1,13.5,7.2,10,1.6,.8,1,56,5,1.7,1
92,2,6,18.3,.3,8.2,84.8,29.2,59.6,.5,9.69,0,15.9,4.6,10.2,14.3,7,11,2.1,1.8,8,32,5.6,1.9,1.4
92,3,6,15,6.5,10.4,97.2,50.2,71.2,.4,3.53,2,13.1,8.5,10.5,12.4,9.7,10.9,1.6,.7,327,61,6.9,.3,.5
92,4,6,13.9,10,11.9,97.2,89.6,94.9,.1,4.4,1,15.2,10.8,12.3,14.1,11.3,12.4,1,.6,352,51,2.9,0,.3
92,5,6,19.1,7.7,13.1,97.5,78.4,91.9,.1,7.32,0,17.6,9.6,13.1,15.6,10.9,13,1.5,.9,144,52,5.9,.7,2.1
92,6,6,13.8,6.1,10.4,95.9,70.2,86.6,.2,7.74,5,16,8.8,11.8,14.4,10.6,12.5,3.6,2.1,214,52,11.3,1,.2
92,7,6,13.6,4.5,8.2,96.3,58.7,85.9,.2,7.81,0,14.1,7.3,10,13.1,8.9,10.7,1.9,.4,179,71,4.6,.7,.1
92,8,6,15.3,3.1,8.1,96.9,42.5,77.9,.3,11.65,1,14.9,6.1,9.6,13.3,8.2,10.4,1.9,1.7,360,25,5.1,1.7,.5
92,9,6,17.9,.7,8.8,91.7,30,62.8,.5,12.06,0,17,4.5,10,15.2,6.6,10.8,2.7,2.5,3,23,6.9,2.4,1.2
92,10,6,20.5,3,12,77.6,31.8,50.6,.8,11.21,0,14.4,5.8,9.7,12.9,7.8,10.4,3.9,3.3,39,31,9.7,3.3,2.3
92,11,6,13,9,10.5,94.7,44.9,72.6,.4,3.18,0,12.3,8.9,10.2,11.9,9.9,10.8,3.6,3,91,35,8,.6,0
92,12,6,12.4,1.8,8,95.5,40.5,64.6,.4,11.23,3,12.1,5.4,8.8,11.5,7.8,9.8,4.1,3.5,270,32,9.6,2.3,0
92,13,6,12.6,-.8,4.6,98.7,37.2,73.8,.3,12.28,0,13.4,2.9,7,11.7,5.3,8.1,1.4,.5,357,64,4,1.6,0
92,14,6,12.9,-2.3,4.4,97.6,42.1,74.4,.3,12.43,0,13.7,2.4,6.9,11.7,4.9,7.9,1.2,.2,335,74,3.8,1.6,0
92,15,6,15.9,-2.7,5.4,97.5,18.1,60.5,.5,12.74,0,13.7,2.2,6.8,11.5,4.7,7.7,3.1,2.2,36,43,9.6,2.9,.6
92,16,6,15.4,-1.2,7.1,65.9,21.1,44.1,.6,12.88,0,17.2,2.6,8.9,16.2,5,9.9,2.8,2.3,48,36,8.6,2.8,.5
92,17,6,16.9,-3.2,6.9,88.3,21.5,53.7,.6,12.9,0,14.4,3.4,8.2,12.4,6.1,9.2,1.7,.8,36,59,8,2.4,.8
92,18,6,15.7,4.1,10.8,58.4,38.4,43.8,.7,11.34,0,11.7,4.7,7.9,10.7,6.6,8.6,7.5,7.3,73,13,13.7,4.4,.6
92,19,6,16.7,7.9,11.7,45.1,33,39.9,.8,12.25,0,15.2,6.3,9.8,12.9,7.6,9.9,7.1,7,74,10,12.1,4.6,1.2
92,20,6,12.6,6.5,9.4,97.4,45.2,78.9,.2,6.78,2,13,7.6,9.7,11.9,8.7,10.1,2.7,1.9,27,45,11,.9,0
92,21,6,16.7,4,9,98.2,56,85.1,.2,12.13,1,16.8,5.4,9.9,14,7.2,10.2,1.4,.8,171,51,3.7,1.6,1
92,22,6,16.7,1,7.7,98.6,43.2,81,.3,13.3,0,16.3,4.2,9.2,13.8,6.5,9.8,1,.3,155,69,3.2,1.8,.9
92,23,6,19.4,-.4,7.9,98.2,19.5,66.1,.5,13.71,0,15.9,3.7,8.8,13.4,6,9.4,1.8,.9,355,58,6.8,2.6,1.7
92,24,6,21.3,-1.4,9,90,18.6,57,.7,13.85,0,21.6,3.8,11.8,19.7,6.1,12.4,1.1,.1,68,79,3.3,2.5,2.4
92,25,6,22.1,-.2,10.3,91.7,21.3,56.6,.7,13.77,0,17.9,6.2,11.2,15.4,8.6,11.9,1.3,.1,143,78,3.7,2.6,2.7
92,26,6,22.7,1.4,11.3,77.3,20.5,52.8,.8,13.5,0,17.3,5.8,10.8,14.9,8,11.2,1.5,.6,90,63,5.3,2.8,3.1
92,27,6,21.5,1.8,10.7,88.8,32.2,60.6,.7,13.25,0,18,6,10.9,15.2,8,11.2,1.2,0,184,80,2.7,2.3,2.6
92,28,6,21.3,1,10.5,92.3,34,63.4,.6,13.86,0,17.8,5.5,10.7,15,7.7,11.1,1.6,.5,30,66,4.8,2.6,2.5
92,29,6,22.3,2.3,11.4,84.2,27.8,56.8,.7,13.64,0,22.2,5.8,13.4,21.2,7.9,14.2,1.8,1.3,11,42,5.5,2.8,3
92,30,6,21.9,3.8,12.5,71.8,23.3,48.3,.9,14.16,0,16.8,8.1,12,15.4,10.5,13,2.7,1.9,48,43,10.2,3.6,2.9
92,31,6,23.5,.8,11.8,84.7,17.5,50.1,.9,14.27,0,17.7,6.2,11.2,15.3,8.5,11.7,1.8,.9,62,56,6.4,3.2,3.3
92,32,6,23.5,2,12,80.2,24.7,53.3,.8,13.78,0,18.7,6.4,11.7,16,8.5,12,1,.5,142,61,3.7,2.6,3.4
92,33,6,18.9,7.3,13.1,75.9,37.4,53.7,.8,8.37,0,16.6,9.5,12.6,15,10.6,12.7,1.7,.4,271,70,5.7,1.7,2
92,34,6,21.6,4.1,12.9,91.4,38,66.1,.6,13.67,2,19.2,8,13,16.5,9.8,13,1.8,1.2,42,47,9.1,2.6,2.8
92,35,6,21.2,8.3,14.2,89.5,36.3,63.8,.7,14.53,0,21.1,10.8,14.6,18,11.9,14.3,2.1,1.6,44,37,6.4,3,3.1
92,36,6,20.9,2.8,11.7,89.7,36.5,63.5,.6,12.75,0,22.7,7.9,14.4,21.6,9.9,15.1,1.3,.8,53,50,5,2.4,2.4
92,37,6,21.1,8.1,13.5,95,35.5,68.3,.6,9.44,1,18.9,11.9,14.9,17.3,13.4,15.3,1.7,.7,110,63,10,1.7,3.1
92,38,6,17.7,12,14,96.3,79.8,93,.1,8.07,24,18.8,13.2,14.9,17,13.9,15,2.6,1.7,112,48,7.4,1,2.2
92,39,6,17.9,11.8,15.2,95.7,71,90.2,.2,8.87,0,19.4,12.5,15.2,17.6,13.6,15.1,1.6,.3,198,72,4.7,1,2.3
92,40,6,20.9,8.1,13.9,96.5,47.6,84.3,.3,13.73,1,21.2,9.5,14.5,18.3,11.3,14.5,1.3,.5,119,63,4.7,2.1,2.9
92,41,6,17.7,10.7,13.3,95.3,64.6,87.5,.2,6.06,0,17.4,12.2,13.9,15.9,13.1,14.3,2.7,1.9,159,44,7.5,.5,1.9
92,42,6,17.7,10.9,13.6,96.1,72.7,91.9,.1,7.73,2,18.5,11.2,14,16.5,12.3,14.2,1.1,.4,29,63,6,.7,1.9
92,43,6,18.7,10.4,14.2,96.3,60,84.8,.3,11.73,0,20.1,10.5,14.5,17.6,11.9,14.5,1.6,1,123,50,4.3,1.7,2.4
92,44,6,17.7,10.5,13.8,95.4,69,87.9,.2,9.91,10,17.6,11.9,14.4,16.3,13.4,14.6,5.1,3.5,167,45,12.6,1.4,1.9
92,45,6,18.3,8.1,12.8,96.5,48.1,81.2,.3,14.91,0,21.2,9.5,14,17.9,11.2,14.2,1.1,.3,167,71,3.2,2.2,1.8
92,46,6,18.8,8.3,12.3,96.4,52.3,81.4,.3,10.86,0,18.4,9.3,12.8,16.3,11,13.4,2.6,1.8,195,46,12.3,1.7,2.1
92,47,6,15.1,5.6,10.4,94.7,52.8,77,.3,16.42,2,18.2,7.9,12.3,16.2,10,12.9,2.7,1.9,246,45,11.5,2.7,.5
92,48,6,18.1,4.5,10,97.2,40.5,78.2,.3,15.83,0,20.1,7,12.3,17.1,9.2,12.7,1.2,.4,101,67,4,2.3,1.5
92,49,6,19.7,5.9,11.4,96.7,26.8,72.9,.5,16.26,0,21.2,8,13.2,18,9.9,13.4,1.1,.2,304,73,3.6,2.6,2.2
92,50,6,22.2,4.5,11.7,95.6,29.4,70.1,.6,16.94,0,22.1,7.4,13.5,18.5,9.6,13.6,1.2,.1,211,77,3.2,2.9,3.1
92,51,6,19,5.1,11.5,96.3,45.3,78.8,.4,10.6,0,22,8.1,15.1,20.5,10.2,15.8,1.2,.2,218,74,2.7,1.4,1.9
92,52,6,22.4,6.5,13.4,96.3,38,75,.5,16.85,0,22.2,9.3,14.7,19.1,11.5,15,1.2,.3,146,70,3.2,2.9,3.5
92,53,6,23.6,7.6,14.5,95.5,40,73.8,.6,15.9,0,22.3,9.8,15,19,11.7,15.1,1.3,.2,220,75,3.6,2.8,4.1
92,54,6,22.7,8.2,15.3,92.7,14.3,44.4,1.1,17.61,0,21.1,10,14.5,18.5,11.9,14.8,4,3.4,350,30,10.2,5.4,3.8
92,55,6,22.3,6.9,14.9,67,16.3,26.7,1.3,17.88,0,22.3,9.2,14.5,19.1,11.2,14.6,3.7,3.3,4,28,8.3,5.5,3.5
92,56,6,22.8,1.9,12.5,89.2,14.3,48.5,1,17.86,0,23.1,7.7,14.2,19.4,10.2,14.4,1.3,.1,1,76,3.9,3.6,3.1
92,57,6,21.7,6.8,14.4,64.1,19.6,40.6,1.1,18.01,0,22.6,9.9,15,19.3,11.6,14.9,3.1,2.4,44,39,9.2,4.8,3.2
92,58,6,23.6,2.7,13.4,86,14.6,45.2,1.1,18.54,0,23.3,8.5,14.9,19.7,10.8,14.9,1.9,1.2,54,50,8.9,4.4,3.5
92,59,6,26.1,2.9,14.1,88.5,14.1,46.2,1.2,18.51,0,24.8,8.6,15.5,20.6,10.9,15.3,1.1,.3,26,68,3.8,3.9,4.7
92,60,6,26.1,4.5,14.3,87.6,14.9,51.3,1,15.71,0,24.1,9.7,15.8,20.2,11.6,15.6,1.5,.5,132,67,4.3,3.4,4.9
92,61,6,25.1,9.3,16.2,64.8,16.7,42.6,1.2,13.53,0,23.6,11.9,16.6,20.1,13.3,16.3,2.4,1.5,173,50,8.9,3.7,5.1
92,62,6,18.4,10.4,13.6,92.3,51.7,84.4,.3,3.98,4,17,11.7,14.5,16.5,13.1,15.1,3.9,2.7,126,45,11.5,.4,2.2
92,63,6,16.3,8.2,11.5,96.5,64.7,88,.2,12.7,8,19.9,11.2,14.1,17.3,12.3,14.3,2.1,1.2,155,54,6.1,1.7,1.1
92,64,6,19,6.3,11.8,96.7,57.9,83.6,.3,11.39,0,18.6,10,13.4,16.7,11.6,13.8,2.6,1.6,204,50,5.7,1.7,1.9
92,65,6,20.9,6,13.1,96.4,46.5,79.8,.4,19.3,0,23.7,9.4,15.3,20.1,11.1,15,1.8,1.1,139,53,4.5,3.2,2.8
92,66,6,23.5,4.9,13.4,96.6,32.9,75.2,.5,19.43,0,25,9.6,16.1,21,11.7,15.9,1.3,.3,24,72,3.8,3.4,3.7
92,67,6,21.9,7,12.4,96.1,36,80.9,.4,15.49,5,23,10.9,15,19.7,12.7,15.4,3.4,2.2,196,47,13.1,3.2,3.3
92,68,6,15.6,7.1,10.3,95.7,62.9,90.4,.1,9.75,3,16.6,10.2,12.5,14.9,11.8,13.3,3.7,2.5,166,46,9.9,1.2,.7
92,69,6,13.3,5.9,10,96.4,80,92.9,.1,6.75,3,15.9,9.4,11.8,14.7,11.2,12.5,2.3,.7,143,68,5.2,.5,.1
92,70,6,18.5,3.6,10.5,96.6,42,80.7,.3,19.8,1,21.6,7.2,13.1,18.1,9.2,13.1,1.3,.5,351,64,3.9,3.2,1.6
92,71,6,22.7,3.5,12.6,96.6,21.7,69.8,.6,20.08,0,23,8.1,14.7,19.6,10.3,14.5,1.5,.3,287,72,4.7,3.7,3.3
92,72,6,24.2,4.3,14,96.1,24.2,67.4,.8,20.86,0,25.7,9,16.2,21.5,11.2,15.8,1.1,.2,41,72,4,3.9,3.9
92,73,6,26.3,5.4,15,95.8,19.4,66.1,.8,21.12,0,27,9.8,17.1,22.5,12,16.7,1.2,.1,43,76,3.4,4.1,5
92,74,6,26.5,6.1,15.9,95.5,18.4,63.3,.9,21.07,0,27.7,10.5,18,23.2,12.6,17.5,1.2,.4,46,66,3.6,4.3,5.2
92,75,6,26.8,8.2,16.7,93.2,13.7,56.7,1.1,20.2,0,27.5,12.1,18.7,23.4,14,18.2,1.1,.1,294,76,3.9,4.2,5.7
92,76,6,26.1,8.8,17.3,84,13.4,44.5,1.3,21.04,0,27.7,11.9,18.7,23.5,14,18.3,2.6,1.6,189,50,8.5,5.4,5.5
92,77,6,21.8,9.6,15.4,71.7,34.7,51,.9,18.92,0,25.9,13,18.3,22.1,14.8,18.2,2.8,2.1,229,41,8.5,4.5,3.6
92,78,6,22.3,7.2,14.3,94.2,21.5,57.7,.9,19.98,0,26.3,11.3,17.6,22.5,13.3,17.5,2.3,1.2,182,55,5.5,4.2,3.5
92,79,6,25,5.5,14.7,95.5,15.9,54.4,1,21.65,0,27.6,10.7,18,23.3,13.1,17.7,2,1,61,56,5.9,4.8,4.5
92,80,6,27,5.7,16.2,88.1,11.6,44.2,1.4,22.12,0,28.1,10.6,18.3,23.6,13.1,18,3,2.4,186,34,8.7,6.1,5.4
92,81,6,20.7,9.3,15,93.1,41.6,66.5,.6,13.88,0,23.5,14.1,17.5,20.9,15.3,17.6,4,2.6,162,48,11.4,3.3,3.1
92,82,6,23.4,7.6,14.9,95.8,33.9,68.4,.7,20.45,1,27,10.9,17.6,22.4,12.9,17.3,1.6,.4,152,70,5.1,3.9,4
92,83,6,23.4,6.9,15,92.7,23.7,57.5,.9,22.13,0,27.6,11.7,18.5,23.5,13.7,18.1,2.8,1.5,207,56,7.1,4.9,3.9
92,84,6,23.9,5.4,15,92.3,17.8,54.2,1,22.57,0,28.4,11.4,18.8,24.1,13.8,18.4,1.5,.7,360,58,4.5,4.6,3.9
92,85,6,30,3.8,16.7,93.7,11.6,49.5,1.3,22.15,0,30.3,11,20.2,28.5,13.5,20.8,1.5,.1,93,78,4.2,4.9,6.5
92,86,6,24.2,11,17.5,70.8,22.3,47.9,1.1,11.28,0,21.8,14.1,17.6,20.6,16.3,18.5,2,.6,168,66,5.8,2.6,5.1
92,87,6,19.5,12.1,14.3,94.7,65.9,90.1,.2,9.15,38,21.6,14.9,16.8,19.7,16.1,17.3,2.4,1.3,104,55,10.9,1.2,3.1
92,88,6,21.4,12.5,15.6,93.5,64.7,85.9,.3,13.88,5,23.6,14.1,17.7,21.1,15.2,17.5,1.9,1,132,58,6.1,2.2,4.2
92,89,6,24,11.8,17.6,93.6,46.1,79.9,.5,22.61,0,27.4,13.9,19.5,23.4,15.4,19.1,1,.1,328,79,3.4,4.2,5.3
92,90,6,25.8,11.4,17.7,93.8,41.9,76.7,.6,19.25,1,26.7,14.3,19.5,23.4,16,19.4,1.5,.5,271,66,6.7,3.7,6
92,91,6,21.5,12.3,16.2,93.1,50.3,77,.5,19.33,0,25.2,15.1,18.9,22.5,16.4,19,2.6,1.7,205,48,8.1,3.8,4.2
92,92,6,21,10.2,13.8,94.5,51.6,86.8,.2,10.49,6,22.3,13.6,16.7,20.1,15.4,17.4,2.4,.8,106,66,10.2,1.5,3.4
92,93,6,21.2,8.2,14.3,94.9,44.3,77.3,.5,23.4,1,25.7,11.8,17.9,22.6,13.7,17.8,1.3,.3,41,72,3.9,4.1,3.2
92,94,6,26,8.4,16.8,94.7,30.4,68.8,.8,24.2,0,28.8,12.2,19.5,24.7,14.4,19.1,1.6,.6,331,65,5.3,5,5.3
92,95,6,26.3,10.1,18.4,92.3,33.9,66.4,.9,21.98,0,29.7,13.6,20.4,25.2,15.6,20,2.2,1,206,60,6.2,4.8,6
92,96,6,27.5,11.6,19.7,89.7,25.9,57.4,1.2,24.57,0,31.7,14.5,21.8,26.9,16.4,21.1,2,.7,191,65,5,5.6,6.9
92,97,6,27.6,11.2,19.5,87.9,23.6,56.1,1.2,25.03,0,32,14.6,22.2,27.3,16.8,21.6,2,.6,141,67,4.5,5.7,6.8
92,98,6,29.6,9.8,19.6,93.5,13.8,57.1,1.3,23.8,0,32.6,14.9,22.4,27.4,17.1,21.9,1.1,.2,295,73,3.7,5.3,7.4
92,99,6,30.1,9.9,20.1,92.7,10.4,49.7,1.6,25.19,0,32.7,14.9,22.8,28,17.2,22.2,1.4,.2,290,75,4.6,6,7.7
92,100,6,30.9,9.5,20.5,88.8,11.6,44,1.7,25.09,0,33.2,15.2,23,28.4,17.4,22.4,1.6,.3,233,74,4.5,6.2,8
92,101,6,31.7,10.6,21.6,87.1,12.7,42.5,1.8,24.4,0,29.8,15.8,22.6,26.9,17.9,22.7,1.5,.2,204,76,4.8,6,8.5
92,102,6,32.8,11.4,22,87.2,10.1,43,1.9,25.5,0,29.4,15.3,21.9,26.4,17.7,21.8,1.4,.3,66,70,3.4,6.3,8.9
92,103,6,35.3,11.5,23.1,80.6,9.5,38.6,2.2,25.05,0,33,15.2,23.2,28.5,17.6,22.6,1.7,.1,4,79,4.8,6.6,9.7
92,104,6,34.1,12.5,23.5,70.6,9.2,29.1,2.4,25.35,0,33.9,16.6,24.2,29.4,18.7,23.6,1.8,.5,232,68,6,7,9.8
92,105,6,31,11.9,22.6,73.3,14,35.3,2,21.99,0,32,17.3,24,28.2,19.3,23.6,1.9,.9,224,60,5.3,5.8,8.8
92,106,6,29.8,15.5,22.9,67.6,15.1,39.7,1.9,24.22,0,33.9,18.5,25,29.4,20.1,24.3,2.4,1.3,242,55,6.2,6.6,9.9
92,107,6,29.9,14.4,21.4,66.6,12.8,41,1.7,23.91,0,30,18.3,23.5,27.6,19.8,23.9,1.9,.7,190,65,4.7,6,9.4
92,108,6,31.3,12.3,21.7,74.6,13.3,41,1.8,21.26,0,28.4,16.1,21.2,25.7,18.5,21.8,1.7,.7,255,61,4.7,5.5,8.8
92,109,6,31,14.7,22.9,55.5,11.9,28.6,2.2,25.35,0,30.9,15.7,22.3,27.3,17.9,22.2,4.5,2.6,267,52,11.8,8.8,10
92,110,6,27,11.6,20,32.3,11.4,16.3,2.1,27.14,0,31.3,15.3,22.4,27.5,17.7,22.3,3,2.5,317,34,8.6,7.9,6.6
92,111,6,29.3,9,19.9,54.3,10.7,24.6,2,27.03,0,32.9,15.1,23,28.5,17.6,22.6,1.6,.4,318,69,5.2,6.8,7
92,112,6,32.2,8.9,20.9,55.7,9.6,24.4,2.2,26.42,0,33.8,15.5,23.6,29.1,18,23.1,1.9,.5,212,69,5.7,7.1,8.1
92,113,6,32.9,13.7,22.9,40.4,9.4,19.4,2.5,26.57,0,30.4,16.7,22.5,28.3,18.9,23.3,2.7,1.2,212,61,6.8,8.1,10.1
92,114,6,33.8,12.3,23.2,43.5,9,23,2.5,26.88,0,29.2,14.8,21.7,26.5,17.6,22,1.8,.4,25,70,4.7,7.3,9.6
92,115,6,36,11.7,23.8,53.5,8.2,25.9,2.7,26.94,0,34.3,15.5,24,29.7,18,23.4,1.4,.2,320,76,5.3,7.1,10
92,116,6,36.8,13.3,24.6,48,7.9,23.9,2.8,26.77,0,35.5,17.2,25.5,30.9,19.6,24.8,1.5,.1,126,79,4.1,7.3,10.7
92,117,6,38,12.3,25.7,50.1,7.5,22.7,3.1,27.02,0,36.5,18.2,26.4,31.7,20.3,25.6,1.5,.3,293,72,4.3,7.5,10.4
92,118,6,39.3,13.8,27,53.3,7,21.4,3.4,27.05,0,37,18.9,27.1,32.2,21.1,26.3,1.6,.6,274,64,5.2,7.9,11.3
92,119,6,39.3,16.8,27.2,37.2,6.9,18,3.4,27.27,0,37.9,19.8,27.8,32.9,21.7,26.9,1.6,.1,214,79,5,7.9,12.6
92,120,6,39.7,15.9,27.8,36.4,6.8,15.8,3.6,27.28,0,38.1,20.1,28.1,33.2,22.1,27.2,2.2,.9,217,63,6.2,8.5,12.3
92,121,6,38.1,15.4,27.1,32.3,7.5,15.6,3.4,23.77,0,33.3,20.4,25.8,31,22.2,26.5,2.2,1,232,58,8.1,7.6,11.8
92,122,6,38.7,15.9,28.2,41.9,7.6,17.1,3.6,27.06,0,30.9,18.6,24.5,28.4,21.2,24.9,2.4,1.6,242,46,7.7,8.8,12.2
92,123,6,38.1,18.9,28.8,31.7,7.5,15.1,3.7,25.31,0,36.3,18.8,26.7,31.9,21,26,2,.5,220,70,5.8,7.9,13.4
92,124,6,37,19,28.5,34.9,8.7,19.4,3.4,24.62,0,36.5,21.1,28.2,32.5,22.9,27.4,3,1.5,132,58,9,8.1,13.3
92,125,6,35.8,19.4,27.4,58.7,11.6,33.1,2.7,25.92,0,36.9,22.3,29,32.9,23.8,28.1,3.1,2.2,76,44,10.5,7.9,13.3
92,126,6,32.2,17.4,22.4,88.7,24.4,60.9,1.2,13.59,11,31.9,19.9,24.5,28.7,21.9,25.3,3.8,2.6,12,45,10.7,3.8,11.7
92,127,6,32.9,15.7,23.9,92.2,16.1,55.2,1.6,27.52,0,32.1,18.1,24.3,28.9,20.1,24.2,2,.7,293,65,6.8,6.9,11
92,128,6,33,15.2,24.4,89.5,11.1,45.4,2,25.35,0,31.8,18.5,24.8,29.1,20.6,25.1,1.7,.6,268,67,4.8,6.4,10.8
92,129,6,34.9,16.5,24.6,76.3,9,38.9,2.2,24.93,0,33.5,19.3,24.8,29.8,21.3,24.8,2.2,1.1,72,58,16.1,7.1,11.8
92,130,6,31.7,16,23.4,84.1,18.8,47.7,1.7,14.49,0,30.2,19.8,23.9,27.4,21.7,24.1,2.7,1.9,41,44,6.7,4.3,10.8
92,131,6,33.6,19.3,26.1,68.3,15,39.1,2.3,26.31,0,36.5,20.3,27.5,32.1,21.8,26.5,3.2,.9,80,69,9.6,7.4,12.9
92,132,6,34.3,17.7,26.8,74.1,13.8,38,2.4,27.29,0,37.6,21.7,28.8,33.3,23.4,28,2.1,.9,227,61,6,7.5,12.3
92,133,6,36.2,17.3,27.2,66.6,8.7,27.3,0,28.14,3,38,21.3,29,33.7,23.4,28.2,1.5,.3,268,74,6.2,7.8,12.4
92,134,6,38.1,16.3,27.5,38.6,7.5,18.4,3.4,28.41,0,38.7,21,29,34.2,23.2,28.3,1.9,.6,257,67,7,8.4,12.2
92,135,6,38.2,17.4,28.8,34.3,7.4,14.9,3.7,28.13,0,39.1,21.6,29.5,34.4,23.6,28.7,1.7,.6,259,66,4.5,8.3,12.7
92,136,6,37.6,18.4,28.4,20.8,7.7,12.9,3.6,28.07,0,32.7,21,26.2,30.8,23.8,27.1,2.8,1.5,211,56,8,9.3,13.1
92,137,6,37.9,16.2,28.4,29.8,7.7,13.7,3.7,28.01,0,32.5,18.4,25.1,29.9,21.1,25.3,2.5,.9,255,65,8.4,9,12.1
92,138,6,39.1,18.5,28.9,31.3,7.2,13.5,3.7,27.48,0,36.5,19.9,27.8,32.8,22.1,27.2,2,.4,267,72,9.2,8.4,13.3
92,139,6,38.9,17.6,29.1,37.2,7.3,16.7,3.7,24.02,0,37,21.5,28.7,33.1,23.5,28,2.7,1.1,95,62,14.7,7.9,12.9
92,140,6,34.7,21,26.6,60.5,16.9,38.4,2.3,15.48,0,35.6,24.4,27.9,31.4,25.4,27.8,3.2,2.3,115,44,9.6,5.2,13.9
92,141,6,35.3,17.5,24,77,10.6,50.2,1.7,18.23,0,32.4,20.8,25.2,31.1,23.4,26.3,3.7,2.2,99,51,11.4,5.9,12.3
92,142,6,25.4,14.4,19.4,89.4,32.9,64.1,.9,15.12,0,24.5,17.6,20.8,24,20.3,22.3,3.6,2.6,23,43,9.2,3.8,7.1
92,143,6,30.2,10.3,21.1,91.6,11.5,46.7,1.7,27.47,0,30.8,15.7,22.7,27.8,18.3,22.8,1.8,.4,69,73,6,6.7,7.9
92,144,6,30.8,14.3,20.6,89.3,14.3,52.9,1.4,19.8,0,33.3,18,23.5,29.1,20.2,23.8,1.9,.6,39,67,13.2,4.9,9.7
92,145,6,32,13.6,23.4,92.6,11.7,46.1,1.9,28.48,0,35.6,18.5,26.3,31.5,20.5,25.5,2,1.1,46,54,6.1,7.2,9.8
92,146,6,34.1,13.9,24.7,69.2,11.1,35.3,2.3,26.46,0,36.4,20.1,27.5,32,22.1,26.9,2.4,1,59,63,10.6,7.5,10.4
92,147,6,33.2,20.9,25.9,56,14.7,36.3,2.3,17.83,0,33.5,23.4,27.4,30.6,24.3,27.1,1.8,.2,222,78,4.8,5,13.6
92,148,6,35.2,20.2,27.8,71.7,10.4,28.2,3,26.71,0,33.5,22.3,26.3,31.2,23.7,26.9,2.3,1.1,254,57,7.4,8.1,13.6
92,149,6,35.6,19.5,26.4,83,11.9,38.9,2.4,23.25,18,31,20.2,24.7,28.9,22.4,25.2,2.8,1.2,148,61,12.9,6.8,13.3
92,150,6,34.2,17.2,25.4,90.7,17.6,55.5,1.8,24.21,0,32.5,20,25.3,29.6,21.9,25.3,1.4,.5,68,65,7,5.9,12
92,151,6,34.5,19,26.4,85.8,14.2,47.9,2.1,24.38,0,35.9,20.7,27,31.5,22.4,26.5,1.9,1.3,46,46,6.1,6.3,12.9
92,152,6,36.7,19.9,28.3,77,9.5,34.2,2.9,26.41,0,37.9,22.6,29.1,33.5,23.9,28.3,1.9,1,276,55,6.5,7.6,13.6
92,153,6,38.2,21.3,29.8,48.3,8.2,23.6,3.5,26.64,0,38.4,23.6,30.2,34.4,25.1,29.4,3.3,1.5,243,60,9.9,9.3,14.4
92,154,6,39.4,19.1,30.2,73.1,7.5,28.7,3.6,28.79,0,39.3,23.5,30.9,35.1,25.2,29.9,2.2,1,288,61,7.2,8.9,13.6
92,155,6,40.5,19.8,31.4,61.1,6.6,23.6,4,29.16,0,40.3,24.2,31.6,35.8,25.9,30.6,2.7,1.5,236,53,17.5,9.6,14
92,156,6,41.1,20.3,31.9,56.5,6.4,20.7,4.2,29.21,0,41.3,24.6,32.3,36.6,26.3,31.2,2.1,1.2,268,53,5.8,9.1,14.3
92,157,6,40.3,21.1,31.5,28.7,6.6,12.9,4.3,30.05,0,33.2,22.4,28.1,31.5,25.4,28.9,3.1,2.1,198,46,8.9,10.5,14.5
92,158,6,37.7,20,28.9,18.7,7.5,12,3.7,30.31,0,34.1,19,25.8,31.1,22,26.2,4,3.2,186,37,10,11.2,13.8
92,159,6,32.8,15.8,22.6,89.2,10.2,40.6,1.8,13.47,10,31,20.1,23.5,28.1,22.5,24.6,2.2,1.1,84,56,9.2,3.7,11.1
92,160,6,34.1,14.8,25,92.1,10.9,49.2,2.1,28.98,0,33.2,18.2,25.3,30.1,20.5,25.1,1.4,.5,7,66,4.2,7,10.9
92,161,6,37,17.6,28.4,88,8.3,35.1,3,29.38,0,38.1,20.8,28.8,33.8,22.7,27.9,1.4,.6,259,60,4.6,7.8,12.7
92,162,6,38.8,20.8,30.1,40.7,7.6,19.7,3.7,29.7,0,37,22.7,28.2,34.5,24.5,28.8,2.7,1.6,200,53,6.5,9.4,14.3
92,163,6,38.7,19,30,49.2,7.2,20.2,3.7,30.15,0,35.9,20.7,27.7,32.7,23.4,27.7,2.1,.9,232,61,6.9,9.1,13.5
92,164,6,37.7,18.3,28.7,32.2,7.5,14.6,3.7,30.81,0,39.5,20.8,29.5,35.1,23.4,29,2.2,1.3,233,54,6.7,9.4,13.1
92,165,6,37.6,17.9,28.9,30.2,7.6,12.8,3.7,30.09,0,39.4,21.9,29.8,35,24.3,29.3,3.1,2.1,248,48,8.8,10.2,12.9
92,166,6,36.8,17.4,27.4,21.9,7.9,12.8,3.4,30.2,0,38.2,21.6,29.2,34.2,24,28.9,3.5,2.4,226,46,9.4,10.6,12.5
92,167,6,35.6,16.2,26.6,35.1,8.8,15.8,3.2,29.22,0,38.3,21.4,29.3,34.3,23.8,28.8,2.4,1.6,219,46,7.5,8.9,11.8
92,168,6,34.2,15.4,24.9,33.9,8.9,16.8,2.9,29.79,0,38.5,21.1,28.9,34.2,23.6,28.5,2,.7,232,65,5.7,8.5,11.1
92,169,6,35.6,13.1,25.7,40,8.4,18.5,3.1,21.76,0,33.4,20.7,26.1,32.3,23.3,27.3,1.4,.3,249,71,4.3,6,10.3
92,170,6,38.6,15.1,28.1,42.8,8.6,21,3.5,26.12,0,32.4,18.7,25.2,29.5,21.8,25.8,1.3,.5,198,63,4.7,7.2,11.8
92,171,6,40.4,18.5,29.9,41.2,7.3,21.2,3.8,30.25,0,38.2,19.6,28.1,33.6,22.2,27.6,1.9,1.1,203,54,5.1,9,13.4
92,172,6,41.1,18.1,29.8,34.8,6.4,17.6,3.9,30.17,0,39.5,21.2,29.7,35.1,23.5,29,1.8,.8,166,60,5.6,8.9,13.4
92,173,6,42.9,17.9,31.4,41.2,6.6,17.9,4.3,25.29,0,39.9,22.6,30.4,35.2,24.7,29.7,1.5,.2,331,75,4.8,7.6,13.4
92,174,6,41.8,22.6,31.4,38.1,10.7,25.2,3.7,16.47,0,37.1,25,29.6,33.3,26.3,29.2,2.4,1.1,64,60,8.1,5.9,15.2
92,175,6,41.2,23.2,32.9,54.1,13.1,27.8,3.9,28.47,0,41,25.3,32.4,36.5,26.6,31.2,1.9,1.2,351,46,6.4,8.7,15.4
92,176,6,42.7,22.2,33.2,48.9,11.1,27.7,4.1,28.03,0,42.8,25.4,33.1,37.6,27,31.9,1.3,.3,268,73,9.8,8.2,15.1
92,177,6,39.6,24,32.3,48.6,11.1,26.3,3.8,28.21,0,33.3,22.2,28.8,32.2,25.3,29.6,3,2.6,258,31,7.4,9.6,15.6
92,178,6,40.4,19.4,30.1,39.5,8.7,21.9,3.7,29.87,0,36.9,20.1,27.7,33.2,22.9,27.6,1.9,1,232,55,6.7,9,13.9
92,179,6,39.8,21.2,30.5,38.3,8.9,21.6,3.8,30.01,0,39.5,21.7,30.1,35.3,24.1,29.4,2.3,1.1,214,58,5.2,9.2,14.5
92,180,6,41.6,20,31.6,39.8,9.7,22.4,4.1,29.82,0,41.3,23.4,31.7,36.7,25.4,30.8,2.2,.8,208,64,6.3,9.2,14.1
92,181,6,41.3,22.6,32.2,37.9,11,24.8,3.9,29.5,0,41.8,24.9,32.5,37.1,26.7,31.6,2.5,1.4,223,54,6.2,9.4,15.2
92,182,6,38.2,21.8,30.6,37.3,9.8,19.4,3.8,29.98,0,39.7,25.3,31.7,35.8,27.1,31.2,3.4,2.8,257,34,7.9,10.3,14.6
92,183,6,35.8,19,27.8,39.1,14.4,24.9,3,29.56,0,34.6,21.3,27.5,32.5,24.6,28.6,2.7,1.5,259,53,8.5,9,13.1
92,184,6,37.4,16.3,27.8,50.8,9,22.5,3.3,29.35,0,34.2,18.3,26,31.4,21.6,26.4,1.6,.4,166,69,5.1,8.1,12.1
92,185,6,40.8,18.7,29.1,55.7,8,29.2,3.4,25.14,0,38.3,20.9,28.6,33.6,23.2,28.2,1.5,.2,219,76,3.7,7.1,13.6
92,186,6,42.5,21.3,31.5,52.3,6.9,23.8,4.1,29.74,0,41.2,22.7,31.2,36.5,24.7,30.3,1.6,.4,237,70,4.8,8.7,14.8
92,187,6,44.1,19.7,32.6,49.6,7.6,23.9,4.4,29.33,0,42.2,24.2,32.5,37.4,26.2,31.5,1.6,.5,263,67,6.3,8.8,14.2
92,188,6,42.5,23.8,33.5,51,22.9,34.7,3.6,27.21,0,42.6,26,33.6,38,27.6,32.5,2.7,1.6,244,51,6.5,8.6,15.6
92,189,6,38.8,25.9,31.9,77.6,33.7,49.7,2.6,25.31,0,42.3,28,34.1,37.9,29,33,1.7,.6,349,66,5.5,6.9,16.2
92,190,6,37.3,27.1,32,61.6,35.5,46.8,2.6,20.89,0,38,28.4,32.4,35.1,29.3,31.9,3.1,1.5,240,57,9.3,6.5,16.5
92,191,6,40.1,26.1,32.9,58.2,25.9,42.8,3,25.96,0,34.9,25.6,30.5,33.1,27.9,30.7,3.9,1.9,235,58,11.4,8.5,16.3
92,192,6,38,23.3,30.3,95.2,36.4,56.3,2.1,24.5,6,35.9,24.4,29.3,33.2,26.1,29.3,3.6,2.1,206,51,12.1,7.4,15.2
92,193,6,30,22.3,25.8,97.9,65.2,85.9,.5,11.62,5,30,25,27.1,29.3,26.4,27.8,2.4,1.4,117,53,5.4,2.2,13.4
92,194,6,36.9,21.5,28.5,87.3,23.2,57.3,2,28.53,0,36.7,22.1,28.6,33.4,24.2,28.4,2.3,1.7,172,41,5.2,7.3,14.4
92,195,6,38.8,19.4,29.6,80.5,16.5,42.7,2.8,29.44,0,40.8,22.3,30.9,36.4,24.6,30.1,1.8,.9,174,57,4.6,7.9,13.7
92,196,6,39,20.9,30.2,78.9,14.8,43.4,2.9,23.62,0,39.2,24.6,31.4,35.3,26.5,30.8,1.4,.4,259,69,3.4,6.3,14.3
92,197,6,40.6,21.9,31.6,59.7,11.7,31.7,3.5,25.89,0,40.6,25.5,32.2,36.5,27.2,31.6,1.9,1.2,219,48,6,7.7,14.9
92,198,6,41.9,21.1,31.7,59.9,8.8,32.7,3.7,27.9,0,35.1,25.3,29.9,33.1,27,30.1,1.6,1,221,50,4.4,8,14.6
92,199,6,43.6,21.3,33.3,54.3,8.9,30,4.2,29,0,38.1,22.1,29.6,34.6,24.7,29.4,1.7,.8,229,59,4.7,8.6,14.8
92,200,6,43.2,23.9,33.7,60,10,32.4,4,28.89,0,41.8,24.9,32.7,37.4,26.7,31.8,2.3,1.4,215,50,6.9,9.1,15.8
92,201,6,41.9,25.2,33.6,61.1,13.2,32.6,3.9,28.19,0,42.1,26.8,33.6,38,28.2,32.7,2.3,1.5,220,50,5.3,8.9,16.1
92,202,6,43,24.6,33.7,51.7,11.8,32.4,4,28.27,0,43.1,26.7,34.1,38.7,28.3,33.2,2.1,1.2,196,53,5.5,8.6,15.9
92,203,6,41.5,25.5,33.5,64.4,17.2,39.9,3.4,27.95,0,43,27.9,34.6,38.7,29.3,33.6,2.8,1.8,176,49,5.4,8.5,16.2
92,204,6,40.6,25.1,32.9,63.1,27.8,45.8,3,26.93,0,43.2,28.5,34.9,39,29.8,34,2.5,1.8,173,43,12.2,8.2,16.1
92,205,6,37.5,25.8,31.7,73.3,37.2,53.3,2.4,21.06,0,39.5,28.7,33.6,36.5,29.9,33,2.9,2.4,160,32,10.7,6.3,16.1
92,206,6,30.9,22.6,26.3,100,64.1,84.6,.6,15.19,19,33.1,25.7,28.8,32.2,27.6,29.6,2.9,1.8,79,50,7,3.2,13.8
92,207,6,37.7,23.3,29.7,96.7,38.1,69.9,1.5,27.52,0,37.1,24.9,30.3,34.2,26.3,29.9,1.4,.2,65,75,4.1,6.7,15.2
92,208,6,40.4,23,31.1,90.3,14.1,58.6,2.3,28.41,0,41.3,25.2,32.4,37.1,26.9,31.6,1.4,.6,335,61,4,7.4,15.2
92,209,6,42,22.1,32.9,80.6,15,45,3.4,27.95,0,42.5,25.9,33.6,38.1,27.7,32.7,2.2,1,129,60,11.2,8.2,15.1
92,210,6,40.5,24.8,33.4,68.7,23,40.7,3.3,27.67,0,43.2,28.3,35,38.9,29.7,34,2.5,1.3,138,55,8.2,8.3,15.9
92,211,6,40,22.2,32.4,95.4,30,49.3,2.8,26.37,12,42.9,28,34.8,39,30.3,34.1,2.7,1,242,64,14.5,7.8,15
92,212,6,34.7,23.5,27.7,95.6,41.6,78,1,16.54,1,33,26,28.7,31.6,27.8,29.4,2.1,.4,187,72,9,3.6,14.9
92,213,6,38.8,24.3,31.3,95.5,31.6,60.8,2.1,25.22,0,39.2,25.9,31.7,35.7,27.2,31,1.6,.7,75,62,8.4,6.6,15.6
92,214,6,39.3,24.5,31.9,84.1,29.7,52.8,2.5,26.23,0,42,27,33.6,38,28.4,32.8,2.2,.7,196,66,11.3,7.3,15.7
92,215,6,39.8,23.4,31.7,94.1,29.7,58.6,2.3,27.11,0,42.6,27.5,34.3,38.7,29,33.5,1.3,.2,184,76,6.8,6.9,15.3
92,216,6,40.9,24.6,31.9,78.9,31.2,56.3,2.4,26.7,0,43.1,28.3,34.6,39.1,29.7,33.9,2.8,1,220,66,10.9,7.5,15.9
92,217,6,36.9,22.8,29.6,96.4,36.7,66,1.7,25.92,1,41.4,27,33.4,37.8,28.7,32.9,2.5,1.5,228,50,8.3,6.8,14.9
92,218,6,34.2,23.5,28.3,96,54.3,76.4,1,20.16,1,38.1,27.9,32.1,35.4,29.2,32,1.9,.5,1,70,4,4.7,14.9
92,219,6,36.7,24.3,29.9,94.2,42.4,69.4,1.5,19.04,0,35.3,26.1,30.5,33.6,28.4,31,2.5,1.1,163,60,10.1,4.9,15.5
92,220,6,37.2,23.5,29.7,86.3,34.9,62,1.8,24.49,0,35.7,24.8,29.4,33.5,26.6,29.6,2.2,1.5,123,46,8.7,6.3,15.2
92,221,6,39.7,24.2,31.3,84.5,29.8,54.6,2.3,24.5,0,41.1,25.7,32.2,37.2,27.3,31.6,1.8,1.1,190,51,6.4,6.7,15.7
92,222,6,40.5,24.6,32.9,80.5,28.6,50.3,2.8,26.11,0,42.1,27.4,34.1,38.3,28.8,33.2,1.9,.7,193,65,7.2,7.3,15.8
92,223,6,41.1,25,33.4,89,25.9,51.1,2.9,26.45,0,42.9,28.7,35.1,39,30.1,34.2,1.8,1.1,251,52,8.5,7.4,16
92,224,6,42.8,25.8,33.6,76.8,24.6,49.5,3,23.69,0,42.5,28.9,34.6,38.7,30.2,34,2.9,.2,22,78,11.9,7.4,16.4
92,225,6,38.6,25.3,32.1,74,30.4,49.2,2.6,22.07,0,35,29.2,31.9,33.8,30.2,32,2.7,.9,19,66,9.5,6.8,16
92,226,6,40.3,27.2,33.5,64,24,44.6,3.1,24.54,0,42,28.7,34.2,38,29.6,33.3,2.2,.6,81,69,5.7,7.5,16.7
92,227,6,41.3,24,32.6,85.5,26.9,53.7,2.7,25.21,0,42.6,28,34.4,38.7,29.5,33.7,1.8,1.3,215,43,4.5,7,15.7
92,228,6,43.5,29.6,35.9,59,18.3,39.2,3.8,25.76,0,43.7,29.7,35.7,39.5,30.7,34.7,2.5,1.3,273,55,7.3,8.2,17.2
92,229,6,43.9,25.3,33.7,75.2,13.2,45.7,3.2,25.29,0,43.9,29.2,35.5,39.8,30.6,34.7,1.5,.6,259,64,7.6,7.3,16.2
92,230,6,43.4,25.7,33.9,74.9,15.6,44,3.4,25.44,0,43.8,29.2,35.5,39.6,30.6,34.7,2.1,.3,296,75,11.6,7.9,16.3
92,231,6,42.4,25.5,33.2,68.1,26.5,46.8,3,21.31,0,42.6,29.2,34.7,38.7,30.5,34.1,1.5,.1,296,79,5.4,6,16.2
92,232,6,39.6,26.6,32.5,73.7,29.6,46.8,2.8,20.36,0,35.6,26.1,31.3,34.5,29,32,3.8,2.2,171,53,14.4,7.2,16.5
92,233,6,41.3,23.6,32.5,73,18.6,44,3.1,23.75,0,35.6,24.8,29.3,33.5,26.9,29.9,1.6,.3,15,72,10.5,6.8,15.5
92,234,6,36.7,24.9,31,69.7,35.6,49.5,2.4,19.59,0,37.2,25,30.3,34.2,27,30.3,2.6,1.5,161,53,8,5.8,15.7
92,235,6,34.2,22.9,27.2,96.2,55.4,80.2,.8,16.2,5,36.2,26.3,29.9,33.7,28.1,30.2,3.2,1.3,97,62,7.6,3.9,14.6
92,236,6,23.1,20.6,21.8,97.2,89.4,95.4,.1,5.57,10,26.3,23.3,24.9,28.3,24.9,26.4,2.7,2.4,9,27,7.9,.5,9.1
92,237,6,32.3,19.4,25.4,97.1,43.9,78.1,.9,25.22,0,33.5,21.7,26.9,31.3,23.7,27.1,2.2,.8,215,65,5.9,5.5,12.6
92,238,6,35.2,20.4,27.6,96.8,34.6,69.5,1.4,25.3,0,37.9,23.1,29.5,34.3,25,29.1,1.1,.1,1,75,3.6,5.9,13.7
92,239,6,37,19.5,28.1,96.6,20.9,63.4,1.8,25.45,0,36.3,23.8,29.3,35.3,25.9,30,1.2,.5,197,64,4,6.2,13.5
92,240,6,38.6,19.6,28.7,95.5,16.1,56.2,2.3,25.41,0,34.7,23.6,28.3,32.6,25.9,28.9,1.3,.3,126,72,3.6,6.5,13.7
92,241,6,39.9,19.8,29.4,90.7,9.9,50.7,2.6,23.81,0,38.7,22.7,29.6,34.7,25,29.4,1.2,.5,196,64,3.1,6.3,14
92,242,6,34.9,23.2,28.7,67.1,32.3,48,2.2,17.95,0,35.9,25.8,29.6,33.3,27.2,29.7,3.2,2.7,141,32,8.9,5.9,14.9
92,243,6,37.9,19.1,28.2,91.4,24,55.2,2.1,24.15,0,39.6,23.9,30.8,35.8,25.9,30.3,1.5,.6,173,63,4.4,6.1,13.4
92,244,6,37.6,19.1,28.3,79,20,47,2.3,22.91,0,38,24.7,30.4,34.6,26.7,30.3,3.8,3.3,186,30,9.7,7.7,13.4
92,245,6,36.4,14.5,26.1,67.9,13.9,39,2.4,24.57,0,38.6,21.8,29.3,34.8,24.6,29.3,1.7,.8,193,60,5.8,6.7,11.2
92,246,6,37,17.2,26.1,71.8,11.2,41.7,2.4,23.58,0,34.9,22.7,27.6,33.1,25,28.7,1.7,.4,24,72,4.3,6.5,12.5
92,247,6,38.1,17.1,26.7,82.6,9.3,44.5,2.5,20.72,0,32.2,21.1,25.8,30.2,23.9,26.8,1.3,.3,130,70,4.1,5.4,12.6
92,248,6,36.3,17.8,26.6,68.2,11,34.2,2.7,22.87,0,32.7,19.5,25.5,30.4,22.4,26.1,2.3,1.1,216,59,5.4,7,12.6
92,249,6,36.7,13.4,24.9,73.5,9,37.9,2.5,22.87,0,34.8,19.2,26.4,31.6,22.1,26.6,1.5,.5,286,65,3.8,6.2,10.7
92,250,6,38.4,14.2,26.5,78.5,9.8,39.5,2.7,24.22,0,37.4,20.6,28.1,33.5,23,27.9,1.3,.3,322,70,3.1,6.4,11.3
92,251,6,39.3,15.1,27.2,77.2,7.8,37.9,2.9,24.68,0,38,21.7,29,34.1,24.1,28.7,1.3,.3,345,72,3.7,6.7,11.9
92,252,6,40.4,14.6,26.9,72.3,7.3,36.7,2.9,24.35,0,38,21.7,29,34.1,24.2,28.8,1.4,.6,224,61,4.1,6.7,11.8
92,253,6,39.6,15.2,27.4,69.4,7.9,32.5,3.1,23.68,0,37.8,22.1,29,34,24.4,28.8,1.2,.3,322,70,3.6,6.5,12
92,254,6,40.2,15.1,27.6,69.9,7.9,33.5,3.1,23.45,0,38,22.4,29.3,34.1,24.7,29,1.3,.5,14,66,4.2,6.6,12
92,255,6,40.3,16.9,28.8,68.8,10.8,36.6,3,22.49,0,35,23,28.3,33.2,25.1,28.9,1.4,.2,286,74,3.3,6.3,12.8
92,256,6,39.7,19.9,29.8,61.5,13.3,35.9,3.1,22.56,0,33,21.8,26.9,31.1,24.2,27.5,1.5,.2,130,74,5,6.4,14
92,257,6,38.3,24.3,29.7,73.2,27,49.5,2.3,19.09,0,35.1,23.9,28.1,32.3,25.3,28.1,2.4,1.8,163,42,11.7,5.8,15.7
92,258,6,37.7,21.3,29.7,86,29.7,53.3,2.2,21.83,0,38.4,23.7,30.1,34.6,25.4,29.6,1.4,.5,173,65,4.6,5.8,14.3
92,259,6,38.2,22.3,30,76.5,26.9,49.8,2.4,21.18,0,39.2,25.3,31.1,35.3,26.8,30.6,1.4,.4,210,67,5,5.8,14.8
92,260,6,39.3,23.9,31,76.1,24.8,47.2,2.7,21.7,0,36.9,25.8,30,35.2,27.2,30.5,1.7,.3,251,73,4.1,6.1,15.5
92,261,6,40.2,23.9,31.3,78.8,19.9,46.3,2.8,21.41,0,34.4,24.8,28.5,32.5,26.6,29.1,1.6,.4,244,70,4.4,6.1,15.6
92,262,6,38.6,22.3,29.7,67.8,18.8,45.2,2.6,12.2,0,31.9,23.5,27.1,30.3,25.3,27.6,1.4,.7,216,55,4.4,3.6,14.8
92,263,6,37.4,24.9,28.8,78.8,36.4,62,1.6,17.72,0,37.4,25.1,29.3,33.5,26.2,29.1,3.1,2.7,170,29,10.8,5.3,15.8
92,264,6,35.7,20.9,28.1,94.7,41.2,68.3,1.4,18.43,0,37,24.5,29.8,33.7,26.1,29.5,1.9,.3,173,74,4.5,4.6,14
92,265,6,37.5,22.3,29.2,90,31,59.1,2,21.08,0,38.9,25.3,30.9,35.2,26.7,30.4,1.5,.7,202,60,6.6,5.5,14.8
92,266,6,40.2,21.2,30.1,90,14.2,47.3,2.7,21.29,0,38.4,24.9,30.7,34.9,26.7,30.3,2,1.1,86,55,8.2,6.4,14.5
92,267,6,39.2,18.2,29.2,77.9,9.1,31.9,3.3,21.51,0,37.4,23.7,29.6,34,25.9,29.5,2.6,1.9,66,40,8,7.5,13.2
92,268,6,40,16.4,27.9,72.8,7.7,34.5,3.1,21.5,0,37.6,22.6,29.1,33.9,24.9,29,1.6,.8,163,55,6.3,6.4,12.6
92,269,6,38.7,21.9,29.2,49.5,14,32.7,3.1,20.74,0,37.5,23.8,29.5,33.9,25.4,29.2,2.4,1.2,186,58,5.5,6.8,14.6
92,270,6,38.8,17.3,28,71.5,8.5,34.9,2.9,20.95,0,37.6,22.8,29.1,33.9,25,29,1.2,.3,222,71,4.3,5.8,12.8
92,271,6,39.4,16.7,27.6,62.7,8.5,31.9,3.1,20.4,0,37.2,22.5,28.7,33.6,24.6,28.6,1.2,.2,5,73,5.2,5.9,12.6
92,272,6,41.3,16.6,29.6,61.1,7.1,25.9,3.7,20.35,0,37.3,22.4,29,33.6,24.6,28.7,2.1,1.5,71,44,6.2,6.9,12.7
92,273,6,38.1,21.5,30.8,28.2,9.3,13.6,4,19.88,0,35.5,24,28.7,32.5,25.5,28.6,4.3,3.8,68,29,10.5,9.1,14.4
92,274,6,38.1,17,27.6,52.7,7.7,21.2,3.3,20.33,0,35.6,21.9,27.5,32.1,24,27.6,2.9,2.3,59,37,8.4,7.6,12.5
92,275,6,37.7,12.5,25.4,52.1,7.5,20.5,3.1,20.41,0,30.9,20.2,25.5,29.1,22.7,26,2.8,2,88,44,11,7.6,10.6
92,276,6,38.3,12.2,24.8,48.8,7.6,23.9,2.9,19.99,0,31.2,21.3,25.8,29.2,23.1,26,1.3,.4,182,67,4.5,5.7,10.4
92,277,6,36.5,17.9,26.3,38.6,11.3,23.7,2.9,19.06,0,31.5,22.4,26.3,29.5,23.8,26.3,2.3,1.3,190,54,5.8,6.2,12.7
92,278,6,34.9,12.4,23.5,47.2,9.3,24.2,2.5,19.57,0,30.7,21.3,25.5,28.8,23.2,25.8,1.5,.5,210,65,4.7,5.5,9.8
92,279,6,35.5,11.2,22.8,51.4,8.9,24.4,2.5,19.41,6,30.9,20.4,25.2,29.4,22.6,26,1.2,.3,243,71,3.7,5.2,9.5
92,280,6,35.2,11.1,22.4,57.7,8.6,25.8,2.4,19.32,0,27.8,17.1,21.7,26.2,20.2,23,1.4,.3,248,71,4.2,5.3,9.5
92,281,6,33.3,9.4,21,55,9,25,2.3,19.11,0,24.9,15.5,19.7,24,18.6,21.2,1.7,.8,353,60,6.8,5.5,8.6
92,282,6,33.4,6.6,19.3,44.5,9.1,22.4,2.1,18.89,0,28.3,13.4,19.9,25.4,16.7,20.7,1.1,.2,214,73,3.8,4.9,8
92,283,6,34.3,6.3,19.7,45.8,8.7,20.7,2.2,19.12,0,29.5,14.1,20.7,26.3,17.1,21.3,1.3,.4,227,66,3.9,5,8.2
92,284,6,35.3,8.6,21.1,38.1,8.4,18.8,2.4,18.67,0,30.4,15.2,21.7,26.9,17.9,22,1.3,.4,226,66,3.4,5,8.8
92,285,6,35.5,8.6,21.3,46.8,8.3,22.3,2.4,18.39,0,30.6,15.9,22.2,27.2,18.4,22.4,1.2,.4,296,67,3.5,5,8.8
92,286,6,38.3,10.5,23.4,45.6,7.4,20.9,2.8,17.94,0,31.4,16.6,23,27.8,19,23,1.2,.2,57,72,5.1,5.1,9.9
92,287,6,36,12.9,23.9,40.5,8.7,21,2.7,14.84,0,30.9,18,23.2,27.4,20,23.3,1.6,.5,200,67,4.5,4.5,10.3
92,288,6,33.7,12.6,23,38.5,10.8,22.3,2.4,17.64,0,30.8,17.4,23.1,27.5,19.6,23.2,1.8,.8,181,60,5.6,5.3,9.7
92,289,6,33.6,11.5,22.7,43.2,9.3,21.6,2.4,17.57,0,30.8,17.6,23,27.5,19.8,23.2,1.8,1.1,147,50,5.6,5.3,9.2
92,290,6,34,9.4,21.2,44,9.7,24.6,2.3,17.35,0,28.5,16.4,22.5,26.8,19,23.3,1.1,.2,337,74,2.9,4.5,8.7
92,291,6,34.3,9.5,21.1,44.5,9.4,24.9,2.2,17.18,0,26.4,15.1,20,24.5,18,21,.9,.3,341,65,3,4.4,8.9
92,292,6,35,11.7,21.8,43.4,8.8,24.4,2.4,16.56,0,25.9,15.2,19.7,24,17.5,20.5,1,.2,310,75,3.5,4.4,9.6
92,293,6,34.2,13.5,21.6,40.9,9.8,25.8,2.2,13.23,0,26.9,15.8,19.8,24.3,17.8,20.4,1,.2,27,74,3.6,3.7,10.3
92,294,6,33.8,11.2,21.8,46.1,11.6,28.6,2.2,16.04,0,28.7,15.1,20.9,25.6,17.4,21.1,1.4,.4,230,68,5.5,4.5,9.2
92,295,6,31.7,13.5,21.9,58.8,15.6,37.3,1.9,14.31,0,28.1,17,21.5,25.4,18.7,21.6,2.3,1.8,179,36,9.2,4.7,9.6
92,296,6,31.6,13.6,22.4,67.2,25.6,45.9,1.7,12.68,0,27.7,17.2,21.9,25.1,18.9,22,1.1,.2,133,75,5.2,3,9.6
92,297,6,33.1,17.3,25.2,91.2,26.8,49.2,1.8,12.54,0,28.3,18.6,22.7,27.3,20,23.3,3.8,3.1,91,32,12.6,4.5,11.9
92,298,6,32.5,17.2,22.9,97.1,32.9,71.6,1,12.51,0,26.8,19.4,22.3,24.9,21.1,22.8,1.6,.7,145,61,8.4,3.1,11.6
92,299,6,28.8,13.9,20.3,92.8,31.1,66.3,1,16.01,0,26.6,17.3,20.8,24.6,19.2,21.5,1.3,.4,254,68,4.5,3.4,8.6
92,300,6,29.3,10,19.4,95.6,26.8,60.4,1.1,14.8,0,25.8,15,19.7,23.6,17.5,20.4,.8,0,101,79,3.4,3,7.4
92,301,6,27.9,14.6,20.8,83.3,31.4,55,1.2,8.76,0,26.9,17,20.6,25.2,18.6,21.4,1.6,.8,107,56,4.5,2.1,8.5
92,302,6,27,15.7,20.5,97.3,49.1,77.8,.6,12.86,2,25.9,18.2,21.2,24,19.6,21.5,1.8,.7,116,63,8.8,2.5,8.5
92,303,6,26,13.2,18.8,94.3,38.2,67.8,.8,14.5,0,23.5,16.2,19.3,22.5,18.4,20.3,2.2,1.4,229,49,6,3.2,6.8
92,304,6,27.3,10.3,19.1,93.2,37.1,64.2,1,13.77,0,24.4,14.3,18.7,22.3,16.6,19.4,1.7,.7,196,63,4.1,2.9,6.4
92,305,6,25.7,14.7,19.7,92.9,34.9,58.9,1,15.29,0,25.2,16.3,19.5,23.1,18.3,20,2.7,2.2,250,36,6.7,3.9,7.4
92,306,6,25.6,8.7,16.8,59.3,13.1,35.1,1.4,15.73,0,25.3,13.2,18.1,22.7,15.8,18.9,1.7,.6,352,66,4.8,3.9,5.2
92,307,6,27.8,5.4,16.5,74,16.1,39.7,1.4,14.98,0,25,12.4,17.9,22.4,15.1,18.5,1.6,1,242,48,6.8,3.8,5.7
92,308,6,23.1,8.8,16.7,70.8,13,26.9,1.5,15.35,0,22.8,14.1,17.4,21.1,16.3,18.3,4.6,4.1,358,27,11.1,6.1,4.1
92,309,6,20,6.3,13.8,44.3,17.3,25.8,1.2,14.65,0,21.1,11.4,16.6,20.3,14.1,17.6,3,2.4,38,36,8.5,4.3,2.4
92,310,6,21.7,3.3,12.7,56.3,14.6,33.4,1.1,14.94,0,20.6,10,14.5,19,12.9,15.8,1,.1,237,75,3.3,3.1,2.7
92,311,6,23.2,2.7,12.4,70.1,13.1,34.6,1.2,14.72,0,19.6,8.7,13.3,18,11.7,14.6,1.4,.3,321,72,4.4,3.4,3.4
92,312,6,25.5,2.1,13,59.9,12.6,31.7,1.3,14.72,0,20,8.2,13.3,18.1,11.1,14.4,1.2,.3,204,68,3.3,3.2,4.2
92,313,6,26.8,3.7,13.9,63.4,12.1,33.7,1.3,14.5,0,21.5,8.8,14,18.9,11.4,14.8,1.3,.1,215,78,3.9,3.4,5
92,314,6,24.9,5.2,15.5,57.9,23.8,37.4,1.2,9.59,0,20.3,10.2,14.9,18.4,12.5,15.4,1.5,.4,151,70,4.4,2.4,4.4
92,315,6,21.7,10.4,16.2,83.5,17.6,56.4,.8,6.67,0,19.7,12.4,15.6,18.5,14.6,16.2,3.2,1.7,233,55,7.5,1.9,3.8
92,316,6,19.3,2.9,10.7,50.3,16.6,28.1,1,14.05,0,20.3,9,13.6,18.2,11.7,14.6,1.8,1,298,56,5,3.2,1.8
92,317,6,23.5,-1.3,10,63.5,13.2,37.2,1,14.29,0,21.8,7.4,14.3,19.7,10.3,15.4,1.3,0,104,81,4.2,3,3.1
92,318,6,25.9,.3,12.2,54.2,12.2,33.5,1.2,14.05,0,19,7.6,12.7,17.3,10.6,13.8,1.1,0,84,80,5.2,3.2,4.2
92,319,6,28.4,2.5,14.1,47.4,11.2,28.7,1.5,14.06,0,19.3,7.4,12.7,17.2,10.3,13.6,1.4,.1,180,80,4.3,3.5,5.5
92,320,6,28.3,2.6,14.4,52.4,11.8,29.8,1.4,13.51,0,19.7,7.9,13.1,17.6,10.6,13.9,1.2,.2,233,74,4,3.2,5.5
92,321,6,27.1,5.9,14.8,51.2,12.3,30.8,1.4,11.95,0,20.6,9.6,13.9,18.2,11.6,14.5,1,.2,227,71,3,2.8,5.5
92,322,6,27.1,3,13.6,58.1,12,32.7,1.3,13.25,0,21.1,8.5,13.7,18.4,11.1,14.4,.9,.1,278,75,2.4,2.8,5
92,323,6,23.7,3.1,12.9,51.3,14.7,32.3,1.2,12.49,0,23.4,8.7,15.3,21,11.2,16,1.3,.6,294,60,3.7,2.9,3.6
92,324,6,23.1,3.3,13.4,80,20.3,46.1,1,12.16,0,18.5,9.2,13.2,17.2,11.8,14.3,1.9,1.3,211,46,4.7,2.9,3.4
92,325,6,19.7,7,13.8,53.5,14.3,29.6,1.2,12.28,0,14.8,8.5,11.4,14.5,11.1,12.8,5.4,4,285,41,12.9,5.1,2.3
92,326,6,17.6,-.6,9.2,42.3,16.2,25.8,.9,12.08,0,17.3,5.5,10.5,15.3,8.3,11.6,1.3,.5,274,66,5,2.6,1.1
92,327,6,18.6,1.6,9.6,48.2,16.1,30.4,.9,10.8,0,17.7,7,11.3,15.6,9.4,12.1,.9,.3,186,68,3.8,2.1,1.5
92,328,6,17.9,4.6,10.6,39,15.2,25.6,1,11.95,0,16.9,7.6,11.3,15.2,9.8,12.1,3.5,2.8,268,37,9.9,3.9,1.4
92,329,6,16.1,-1.3,6.8,47.2,16.4,26.1,.8,12.47,0,16.9,5.3,9.9,14.8,8.1,11,1.7,.7,231,61,5.1,2.6,.6
92,330,6,16.6,-4.4,5.6,52.6,15.8,30.1,.8,12.42,0,19.9,3.9,11.2,17.9,6.8,12.3,1.4,.6,322,64,4.2,2.5,.7
92,331,6,17.8,-2.4,6.9,52,14.9,26.7,.9,12.65,0,14,3.9,8.1,12.8,7.1,9.7,2,1.4,22,44,6.1,3.1,1.1
92,332,6,20.8,-3.9,7.1,47.9,13.7,27.4,.9,12.45,0,14.5,3.1,7.7,12.7,5.9,8.9,1.3,.4,349,69,4.5,2.7,2.1
92,333,6,20.3,-2.3,7.2,36.5,14.1,23.9,.9,12.35,0,14.6,3.1,7.6,12.6,5.8,8.8,1.6,.6,189,65,3.5,2.7,1.9
92,334,6,20,-.9,8.3,38.6,14.9,24.2,.9,10.37,0,13.5,3.8,7.7,11.9,6.1,8.7,1.8,1,350,56,6.5,2.6,1.8
92,335,6,20.7,2.7,10.7,33.6,14.3,22.6,1.1,10.11,0,14.8,5.9,9,12.9,7.6,9.7,2,1.3,342,49,5.2,2.8,2.3
92,336,6,21.2,-3.1,7.3,45.5,14.5,29.2,.9,11.82,0,15.7,3.6,8.5,13.2,6.2,9.3,1.1,.5,198,58,3.2,2.4,2.2
92,337,6,16.5,-3.6,7.2,59,17.6,35.4,.8,6.55,0,15.8,3.5,10.6,15,6.1,11.4,.8,.1,261,75,3.7,1.1,.7
92,338,6,20.8,6.2,13.2,98.1,38.9,57.3,.7,7.21,2,15.3,8.5,11.6,13.8,9.8,11.8,2.9,2.3,131,36,8.4,1.8,2.7
92,339,6,17.1,11,13.9,98.1,95,96.6,.1,2.16,16,15.4,12,13.5,14.7,12.8,13.5,3.1,.5,149,74,6.6,0,1.7
92,340,6,16.2,7.6,11.1,97.8,59.8,89,.2,10.35,1,16.9,9.6,12.6,15.5,11.4,13,1.9,1.2,272,48,4.6,1.2,1
92,341,6,16.7,3.3,9.3,99.4,57.8,87.2,.2,11.91,0,16.9,6.9,10.9,14.8,9,11.6,1.1,.6,24,53,7,1.5,.9
92,342,6,18.7,3.9,10.6,98.8,46,81.6,.3,11.4,0,15.8,6.3,10.4,14,8.3,11,2.1,1.1,86,56,6.1,1.7,1.7
92,343,6,13,6.5,10.2,98.9,85.6,94.7,.1,3.65,19,12.8,8.6,10.8,12.5,10.2,11.4,2.7,1.5,194,55,9,0,0
92,344,6,16.2,3.8,9,99.5,64.5,90,.2,11.33,0,16.5,6.3,10.2,14.1,8.2,10.8,1.3,.3,20,70,4.1,1.3,.8
92,345,6,19.7,2.6,9.5,99.6,52.5,88.5,.2,11.26,0,16.9,5.7,10.2,14.4,7.8,10.7,1.2,.6,197,57,2.9,1.4,2
92,346,6,19.5,3,10.8,99.7,58.5,88.2,.2,10.43,0,16.8,6.2,10.8,14.5,8.2,11.2,1.3,.6,204,57,3.6,1.2,1.9
92,347,6,14.4,7.4,10.7,97.1,49.5,73.8,.4,9.23,0,13.8,8.7,10.4,12.8,10.2,11.2,3.3,2.7,261,35,9.3,1.7,.4
92,348,6,13.6,2.9,7.8,89.1,45.8,69.6,.4,10.91,0,14.5,5.4,9.1,12.9,7.7,10.1,1.8,1.1,295,51,4.6,1.6,.1
92,349,6,14.1,-.2,6.4,95.9,39,69.4,.4,11.52,0,14.3,3.8,7.9,12.4,6.3,9,1.3,.4,326,67,3.2,1.6,.2
92,350,6,13.9,1.5,6.4,94.2,35.8,71.2,.3,11.4,0,13.9,4.1,7.9,12.1,6.3,8.8,2.2,1.1,177,59,5.4,1.7,.1
92,351,6,12,-1.6,4.3,97.4,35.3,71,.3,11.34,0,18.3,3,9.2,16.7,5.5,10.3,1.9,.8,222,61,4.5,1.5,0
92,352,6,11.3,-2.6,3.7,99.6,48.4,81.9,.2,7.78,0,11.8,3.4,7.3,10.9,6,8.5,1,.1,328,79,3,.7,0
92,353,6,15.1,.1,6.6,99.3,48,88.1,.2,7.49,3,13.1,4.3,7.9,11.1,6.3,8.6,2,.7,260,64,8.7,.8,.4
92,354,6,12.1,.7,6.5,99.6,45.9,84.6,.2,11.72,0,13.6,5.1,8.6,12,7.4,9.3,1.4,1,280,46,5,1.3,0
92,355,6,13.3,-.7,5.1,99.9,40.7,79.3,.3,8.91,0,11.7,3.1,6.5,10.4,5.3,7.6,1.3,.7,343,53,3.5,1,0
92,356,6,16.3,-.8,6.1,99.9,47.1,83.5,.2,10.72,0,13.8,2.8,7.3,11.6,5,8,1,.5,182,60,2.6,1.2,.7
92,357,6,16.4,1.4,7.6,99.9,48.6,81.7,.3,10.79,0,14.4,4.4,8.2,12.2,6.1,8.7,1.4,.6,233,62,3.5,1.3,.8
92,358,6,20.3,-.3,8.6,100,19,65.3,.6,11.94,0,18.9,3.4,10.8,17.5,5.8,11.5,1.6,.7,342,60,4,2.1,2
92,359,6,20.9,3.2,11.3,75.3,19.7,48.9,.8,10.6,0,15.3,6.3,10.1,13.5,8.4,10.8,1.7,1.4,359,34,4.7,2.3,2.5
92,360,6,20.2,1.8,9.9,92.9,21.3,57.7,.6,10.71,0,15,5.3,9.3,12.9,7.3,9.9,1.4,.7,299,56,3.8,2,2.1
92,361,6,17.9,1.6,8.8,97.4,42.2,73.2,.4,9.13,0,14.3,4.9,9,12.6,6.9,9.6,1,.6,168,52,3,1.1,1.3
92,362,6,17.6,1.9,9.3,99.4,53.3,86,.2,6.98,4,14.2,5.3,9.5,12.4,7.1,9.8,1,.4,327,61,4.2,.6,1.2
92,363,6,15,10.6,13,98.1,95.1,96.6,.1,2.29,15,14.2,10.7,12.3,13.3,11,12,2.1,1.4,133,46,7.2,0,.7
92,364,6,17.7,10.9,14.3,100,93.4,98.5,0,3.81,0,15.9,11.8,13.6,14.7,12.5,13.3,1,.1,178,75,3.6,0,1.9
92,365,6,17.1,8.5,12.2,97.7,78.6,92.5,.1,7.38,1,16,9.6,12.2,14.7,10.7,12.5,1.3,.1,210,76,3,.6,1.4
92,366,6,19.2,4.2,10.5,98.5,52.3,88.3,.2,11.86,0,17.1,6.8,11.1,14.9,8.8,11.6,.9,.2,227,79,3.3,1.5,1.9
