93,1,6,21.3,5.9,12,98.2,62.9,87.5,.2,12.26,0,18.4,7.6,11.8,15.5,9.2,12,1.5,.9,214,46,4.8,1.7,2.8
93,2,6,18.7,5,11.2,98.7,66.1,90.6,.2,8.11,0,15.9,7.5,11.5,14.2,9.3,11.8,1.3,.3,263,73,5.1,.8,1.7
93,3,6,13,2.7,9.2,97.9,53.5,83.2,.2,11.56,4,14.5,6.3,10.7,13.4,8.7,11.5,3,2.3,249,41,8.9,1.7,0
93,4,6,13.3,-1.1,5.8,99.6,54.1,86.1,.2,10.3,0,13.3,3.4,7.9,11.8,5.9,8.8,1.1,.1,243,78,4.5,1.1,.1
93,5,6,16.1,5.1,10,98.5,62.7,87.2,.2,7.34,0,14.4,7,10.3,12.8,8.3,10.5,1.1,.2,57,75,3.7,.6,.8
93,6,6,15.8,10,12.3,97.9,94.2,96.6,.1,3.19,9,14.7,10.7,12.3,13.7,11.1,12.1,1.5,.4,118,70,6,0,1
93,7,6,18.1,12.2,14.7,96.7,89.8,94.8,.1,3.79,7,15.7,11.7,13.5,14.7,12.2,13.3,3.2,2.8,170,29,10.4,.1,2.4
93,8,6,18.9,7.4,14.1,95.3,53.3,80.7,.3,9.02,5,15.4,8.9,13.1,14.6,10.7,13.4,5.4,4.3,223,37,14.4,1.8,2
93,9,6,16.8,6.4,10.9,97.8,62.9,90.2,.2,7.41,0,15.8,8.2,11.3,14.3,9.6,11.7,1.6,1,152,51,5.9,.7,1.1
93,10,6,13.9,9.9,11.3,97.5,93.2,96.1,.1,1.64,18,12.3,10.5,11.3,12.2,11.2,11.7,3.4,3.1,126,25,8.5,0,.2
93,11,6,16.5,5.5,12.4,96.6,57.9,83.6,.3,10.9,0,16,8.1,12.1,14.6,10.3,12.4,2.9,2.3,247,38,7.7,1.7,1
93,12,6,16.6,1.6,9,99.4,62.2,88.9,.2,10.81,7,15.5,5.4,10.1,13.6,7.6,10.6,1.1,.6,5,56,4.5,1.2,.9
93,13,6,15.1,9.5,11.6,97.8,92.9,96.4,.1,4.89,6,15.6,10.8,12.4,14.4,11.3,12.5,1.5,1.2,14,35,5.2,0,.7
93,14,6,18.2,6.6,12,98.1,71.8,92.6,.1,7.43,0,16,9,12.1,14.6,10.3,12.3,1.7,1,195,51,7.6,.6,1.7
93,15,6,18.9,8.8,13.3,97.5,79,92.8,.1,8.8,0,18.6,10,13.5,16.1,11,13.3,1,.8,6,40,3.4,.9,2.2
93,16,6,20.6,10,14.4,97.4,58.8,90.2,.2,8.92,2,19.9,11.3,14.7,17,12.2,14.4,1.4,.5,80,66,6.8,1.2,3.1
93,17,6,20.7,13.1,16.1,96.5,75.6,91.5,.2,7.18,0,18.1,12.8,14.9,16.6,13.4,14.8,3.3,2.8,170,30,11.6,.8,4.1
93,18,6,18.8,10.2,14.2,96.1,72.1,92,.1,6.24,11,17.2,11.3,14.1,16,12.7,14.4,4,3.1,168,38,12.6,.6,2.4
93,19,6,17.1,7.1,11.5,98.3,56.9,86.5,.2,13.1,1,19.5,9.3,13,16.7,10.8,13.3,1.2,.8,159,48,3.8,1.8,1.3
93,20,6,18.3,3.8,10,98.8,52.9,86.7,.2,13.19,0,18.2,7.2,11.7,15.9,9.3,12.3,1,.1,95,79,4.3,1.7,1.5
93,21,6,17.7,3.8,10.4,98.8,61.5,89.1,.2,12.71,0,18.3,7,11.6,15.8,9.1,12.1,1.2,.3,229,68,3.5,1.7,1.3
93,22,6,20.9,4.9,11.4,98.4,53.3,86.9,.3,12.47,0,19,7.3,11.9,16.1,9.2,12.2,1.2,.5,168,62,3.7,1.7,2.6
93,23,6,19.4,4.1,11,98.8,41.4,77.5,.4,13.74,0,18,7.4,11.4,15.5,9.3,12,1.7,.7,321,63,4.9,2.3,1.9
93,24,6,20.4,1.6,10,98.3,25.2,69.2,.5,14.23,0,18,5.4,10.5,15.3,7.8,11.1,1.4,.7,355,58,4.3,2.4,2.2
93,25,6,21.9,4,11.8,92.3,16.1,56.5,.8,14.49,0,17.8,5.6,10.6,15.2,7.8,11.1,2.2,1.7,18,38,6.3,3.1,2.9
93,26,6,22,4.3,12.9,94.2,23,57.5,.8,11.56,0,16.8,6.5,11.1,14.8,8.5,11.5,2.3,1.5,42,49,7.4,2.7,3
93,27,6,23.5,6.3,13,96.8,23.9,70.3,.6,12.05,0,20,8.4,12.9,16.8,9.8,12.8,1.1,.5,209,60,3.5,2,3.8
93,28,6,21.1,5.8,12.8,98.5,42.1,77.6,.4,13.22,0,20.3,8.7,13.4,17.4,10.5,13.5,1.3,.5,267,62,4.4,2.2,2.8
93,29,6,21.8,4,12.4,98.8,40.9,78.2,.4,12.63,0,19.9,7.5,13,16.9,9.5,13.1,1.3,.4,35,68,4.3,2,2.9
93,30,6,20.9,10.3,15,96.9,43.6,70.2,.6,7.99,0,18.2,11.5,14,16.3,12.4,14.1,2.9,2.5,92,30,8.9,2,3.4
93,31,6,21.2,6.4,14.4,93.6,43,61.2,.7,12.24,0,19.4,10.3,14.1,17.1,12.3,14.3,3.4,1.3,187,63,10.4,3.1,2.9
93,32,6,17,2.2,9.6,99.2,44.3,77.2,.4,15.07,0,19.9,6.9,12.2,17,9.3,12.7,1.3,.4,240,67,4.6,2.3,1
93,33,6,18.4,1.6,9.2,99.2,36.8,76.7,.4,14.91,0,19.5,6.3,11.7,16.6,8.7,12.2,1.6,.2,199,74,4.2,2.3,1.4
93,34,6,20.2,.6,9.5,99.4,30.3,73.7,.5,14.6,0,19.9,6,11.7,16.6,8.4,12,1.3,.3,291,72,4.7,2.4,2
93,35,6,23,6.4,12.8,96.5,21.3,66.9,.7,14.34,0,21.9,9.1,13.6,18.2,10.4,13.5,1.2,.1,321,76,4.5,2.6,3.7
93,36,6,22,4.9,13,94.1,24,61.4,.8,13.33,0,20.2,8,13.1,17,10,13.2,2.7,2.2,53,34,10.2,3.3,3.1
93,37,6,23.8,7,15.6,64.7,14.4,37.6,1.2,15.67,0,21.7,9.2,14.2,18.2,11,14.1,3.6,3,56,33,11.4,4.8,4.1
93,38,6,23.2,4.8,13.9,92.3,26,58.6,.8,11.39,0,20.8,8.4,13.9,17.4,10.2,13.7,1.3,.3,126,70,4.6,2.2,3.5
93,39,6,16.9,10.1,14.1,97.8,65.7,90.3,.2,1.86,12,14.7,11.3,13.7,15,12.7,14.1,2.5,1.2,133,58,8.8,0,1.5
93,40,6,19.3,9.2,13.2,97.8,61.8,87.3,.2,11,2,18.4,10.1,13.2,16.2,11.3,13.4,2.9,1.5,210,57,11.6,1.7,2.4
93,41,6,16.1,6.9,11.1,97.6,56.5,84.2,.3,15.02,2,17.2,8.6,12.2,15.4,10.4,12.7,2.6,1.9,241,42,8,2.4,.9
93,42,6,18.3,3.8,10.4,98.9,48.8,83.8,.3,16.06,0,19.8,6.8,12,16.7,8.8,12.3,1.6,.8,155,58,4.7,2.4,1.5
93,43,6,20,3.8,10.6,98.9,38,81.1,.3,15.97,0,20.3,7.2,12.5,17.2,9.2,12.7,.9,.2,84,69,4.9,2.4,2.1
93,44,6,18.2,4.9,11.2,98.5,44.7,83.8,.3,11.86,0,18.2,8.3,12.6,16,10,12.8,1.4,.4,336,69,4.4,1.7,1.5
93,45,6,12.4,8.7,11.2,97.5,89.8,95.5,.1,3.9,3,14.2,10.6,12.5,13.7,12,12.9,2.2,1.3,326,52,6.5,0,0
93,46,6,17.4,7.9,11.5,97.9,54.6,85.9,.2,13.48,3,19.4,9.5,12.9,16.7,10.7,13,2.3,1.5,200,49,6.6,2,1.5
93,47,6,16.9,7,11.8,96.7,52.4,81.6,.3,11.03,0,17.4,8.7,12.6,15.6,10.3,12.9,1.8,.7,108,63,5.3,1.5,1.2
93,48,6,20,4.5,11.4,98.7,35,79.6,.4,17.37,0,21,7.5,13,17.8,9.5,13.2,1.6,.7,158,62,5.8,2.8,2.2
93,49,6,18.2,7.8,12.5,97.8,63.2,86.9,.2,5.54,0,15.3,10,12.4,14.5,11.2,12.8,2.7,2,129,41,8.2,.6,1.8
93,50,6,22.7,11.8,16.1,96.2,57,85.1,.3,7.12,2,18.7,12.1,14.4,16.4,12.7,14.3,4.5,3.9,157,29,11.5,1.2,4.6
93,51,6,19.9,9.8,15.3,93.3,44.8,69.9,.6,14.27,0,19.5,11.5,14.7,17.5,13.1,14.7,4,2.9,226,42,11,3.1,2.7
93,52,6,17.4,5.5,11,98.4,40.6,72.8,.4,17.67,0,21,8.4,13.4,18.1,10.4,13.8,2.2,1.3,253,53,8.8,3.3,1.3
93,53,6,17.9,2.3,9.6,97.1,24.9,70.8,.5,16.53,0,21.3,6.8,12.7,17.7,9.1,13.1,1.3,.3,133,71,4,2.7,1.3
93,54,6,20.2,2,10.3,98.3,37.3,73.7,.5,15.34,0,20.7,7.1,12.8,17.7,9.4,13.1,.9,.3,122,68,3.4,2.3,2.1
93,55,6,18.7,6.9,11.8,94.9,37.4,70,.5,12.54,0,20.1,9.6,13.1,17.1,11.2,13.4,2.6,1.8,244,43,11.6,2.6,1.9
93,56,6,18.9,5.8,11.3,95.5,42.3,73.4,.4,13.88,0,21,8.4,13.1,17.7,10.2,13.3,2.1,.9,170,61,7.1,2.3,1.9
93,57,6,21.8,2.4,12,98.4,21.1,68.1,.6,18.17,0,23.3,6.9,14.1,19.3,9.3,13.9,1.6,.8,175,58,6.6,3.5,2.8
93,58,6,19.6,5.5,13.1,95.3,39.7,68.8,.6,15.71,0,22.4,9,15,19,11.1,14.9,2.4,1.4,203,52,7.7,3,2.2
93,59,6,14.8,6.8,10.2,98.1,61.2,88.8,.2,12.01,8,17.9,9.4,12.9,16,11.6,13.6,3.2,1.8,238,54,7.4,1.6,.5
93,60,6,16,4.3,9.7,98.6,54.1,82.5,.3,16.17,0,18.2,7.1,11.9,15.9,9.2,12.4,2.8,1.6,211,54,7.9,2.5,.8
93,61,6,18.6,3.1,10.8,99,42.8,77.8,.4,19.7,0,22.3,6.9,13.5,18.7,9.2,13.5,2,1,211,57,5.6,3.3,1.6
93,62,6,22.2,3.7,12.8,98.7,36.1,69.6,.6,19.83,0,24.1,7.8,14.8,20.2,10,14.6,1.6,.4,238,69,4.7,3.6,3
93,63,6,21.8,5.2,13.2,97.7,34.6,72.1,.6,19.56,0,24.5,9.1,15.6,20.7,11.2,15.4,1.9,.7,265,65,5.8,3.7,3
93,64,6,23.4,2.5,12.9,98.4,14.5,63,.8,20.52,0,24.9,8.1,15.4,20.9,10.6,15.4,1.2,.2,230,73,4.4,4,3.4
93,65,6,24.8,3.2,13.9,95.2,15.9,56.9,1,20.77,0,25.1,8.5,15.8,21.2,10.9,15.7,1.5,.5,250,66,5.4,4.3,4.1
93,66,6,27.4,5,15.2,96,17.8,58.8,1,20.99,0,26.6,9.5,16.8,22.4,11.8,16.5,1.2,.2,226,75,4.7,4.3,5.4
93,67,6,27.4,5.5,16.3,95,16,58.3,1.1,20.88,0,27.3,10.1,17.5,22.9,12.3,17.1,1.3,.2,276,74,4.2,4.4,5.6
93,68,6,27.4,6.3,16.4,96.5,14.1,58.3,1.1,21.1,0,27.8,10.7,18.1,23.4,13,17.7,1.2,.2,8,74,5.7,4.4,5.6
93,69,6,27.2,5.8,15.9,95.6,16.4,59.9,1,20.44,0,27.4,11,17.9,23.3,13.2,17.7,1.6,.6,254,64,5.8,4.4,5.4
93,70,6,25.9,7.2,17,94.4,20.8,53.3,1.1,20.81,0,27.6,11.5,18.3,23.3,13.6,18,2.2,1.4,269,48,7.7,4.9,5.1
93,71,6,25.9,7.3,16.8,94.2,11.9,41.1,1.4,20.22,0,27.4,11.5,18.1,23.2,13.8,18,2.3,1.6,15,44,7.9,5.2,5.2
93,72,6,25.2,2.7,15,76.5,12.6,35,1.3,20.94,0,27.1,8.8,17.2,22.8,11.7,17,1.6,.6,42,64,6.3,4.8,4.2
93,73,6,21.6,10.5,15.8,76.3,35,54.3,.9,8.37,0,21.4,13.6,16.8,19.2,15.2,17,1.6,.2,62,75,5.1,1.7,3.8
93,74,6,26.5,5.6,16,96,16.7,60.1,1,21.54,0,28.8,10.4,18.2,23.8,12.6,17.6,1.6,.6,292,63,7.4,4.7,5.2
93,75,6,27.9,7.8,17.7,93.7,15.9,53.2,1.2,21.86,0,29.6,11.9,19.4,24.8,14,18.8,1.8,.3,241,73,5.9,5,6.1
93,76,6,29.9,8.2,18.8,91.7,14.5,48.8,1.4,18.71,0,30.3,12.6,19.7,24.8,14.6,19.2,1.9,.3,209,75,6.8,4.5,7.2
93,77,6,26.9,11.5,19,78,17.6,52.4,1.2,21.58,0,29.2,13.9,20.3,24.8,15.6,19.7,3.1,1.6,263,56,10.2,5.8,6.6
93,78,6,28.1,7.1,17.1,94.8,12.4,54,1.2,22.54,0,30.1,12.1,19.9,25.4,14.5,19.4,1.1,.2,290,75,4.8,4.9,6.1
93,79,6,25.7,8.7,16.7,82.8,24.6,55.1,1,14.67,0,25.9,12.8,18.5,22.6,14.9,18.6,1.4,.3,253,72,3.6,3,5.3
93,80,6,28.3,10.6,18.6,92.6,15.6,53.9,1.3,20.19,0,30.5,13.7,20.2,25.2,15.3,19.5,1.5,.2,190,77,6.2,4.6,6.9
93,81,6,29.9,9.2,19.8,93.2,13,47.9,1.5,22.4,0,31.2,13.6,21.2,26.5,15.6,20.5,1.4,.4,128,69,4.9,5.3,7.5
93,82,6,30.5,9.6,19.2,91.4,12.1,51.4,1.4,18.16,0,30.6,13.8,20.7,25.9,15.9,20.2,2.1,.5,186,70,11.6,4.7,7.8
93,83,6,29.5,11.5,20,93.2,17.9,56,1.3,21.61,0,29.2,15.4,21.5,26.3,17,21.6,1.5,.3,172,72,8.9,4.9,7.9
93,84,6,29.4,11.6,20.3,90.3,16.5,51.5,1.4,20.89,0,26.8,14.8,19.7,24.2,17.1,20.2,2,1.2,163,52,8.7,5.2,7.8
93,85,6,21.8,9.6,14.7,96.1,44.8,78.7,.4,8.3,1,19.9,12.6,15.8,19.1,14.8,17.2,4.2,3.2,192,38,17.4,1.7,3.7
93,86,6,19.2,8.3,12.7,97.7,41,78.1,.4,19.28,10,22.2,11.3,15.2,19.8,13.3,15.9,3.5,1.7,205,59,9.9,3.6,2.3
93,87,6,21,5.3,12.8,98,40.3,77.1,.5,19.53,5,24,9.3,15.5,20.1,11.9,15.9,2.1,1,308,60,8.4,3.5,2.7
93,88,6,18.9,8.9,13,97,44.7,81.1,.4,20.26,5,22.1,11.9,15.7,19.9,13.6,16.3,3,2.5,258,33,7.6,3.6,2.2
93,89,6,22.9,6.7,14.9,97.4,38.7,71.6,.6,24.06,0,25.5,9.9,16.7,21.9,12.4,16.8,1.8,.9,216,57,7.4,4.7,3.7
93,90,6,27.5,8.1,17.6,97.2,17.6,66.5,.9,24.39,0,28.9,11.5,19.1,24.6,13.7,18.7,1.1,.2,237,73,3.9,4.9,6
93,91,6,28.8,9.8,18.9,95.7,13.3,61.3,1.2,22.61,0,30.2,13.2,20.4,25.6,15.3,20,1.3,.2,356,75,4.6,4.9,7.1
93,92,6,27.4,11.3,19.4,89.6,15.9,50.9,1.3,24.39,0,30.6,14,21.1,26.3,16.1,20.7,2.5,1.6,247,48,8.4,6.1,6.8
93,93,6,26.8,11,19.3,53.1,12,28.9,1.7,25.43,0,31.3,13.7,21.1,26.7,16,20.8,2.3,1.1,322,58,6.4,6.7,6.4
93,94,6,30.1,7.7,19.1,91,11.8,43,1.6,25.46,0,32.5,13,21.6,27.5,15.6,21.1,1.3,.3,251,72,4.5,6,7.1
93,95,6,26.1,13.1,19.4,71.7,17.7,38.8,1.5,18.06,0,26.9,15.4,20.6,23.9,17.3,20.6,2.9,1.5,239,57,8.2,5.2,6.8
93,96,6,23.4,10.5,17.2,64.7,17.2,35.5,1.3,24.99,0,29,14,20.2,25.2,16.1,20.1,4.1,3.8,261,24,9.6,7,4.6
93,97,6,25.2,7.6,16.7,62.6,12.3,31.5,1.5,24.56,0,29.2,12.6,19.7,25.1,15,19.6,2.3,1.7,306,43,8.8,6.4,4.9
93,98,6,27.2,5.8,17.1,75.3,11.2,33.7,1.6,26.21,0,31.3,12,20.4,26.4,14.8,20.1,1.8,.3,350,74,6.9,6.3,5.4
93,99,6,29.8,5.9,18.1,70.8,10.5,32.4,1.8,25.81,0,32.3,12.1,21,27.2,14.9,20.6,1.5,.2,291,76,4.7,6.3,6.6
93,100,6,31.1,10.6,21,49.6,10.3,24.8,2.2,25.78,0,33.4,14,22.3,28,16.2,21.6,2.7,1.3,199,59,7.8,7.4,8.2
93,101,6,31.3,14,21.9,38.6,10,21,2.3,26.25,0,32.9,15.2,22.8,28,17.2,22.2,3.2,1.8,211,53,8.7,8.2,9.7
93,102,6,26.9,11.9,19.3,40.6,11.4,21.2,1.9,16.81,0,26.4,15.1,20.2,23.8,17.2,20.4,2.9,1.8,230,49,7.6,5.4,6.7
93,103,6,24.3,8,16.1,59.8,12.5,24.1,1.5,17.08,0,25.8,13.2,18.4,22.7,15.6,18.8,2.2,1.4,257,48,7.5,4.6,4.5
93,104,6,25.9,5.8,16.2,40.6,11.8,21.7,1.6,26.87,0,27.4,11.4,18.5,24.8,14.1,19.3,2.3,1.3,243,53,7.6,6.8,4.9
93,105,6,28.3,4.9,18.3,50.6,10.8,23,1.9,26.48,0,26.7,10.4,18,23.4,13.7,18.4,1.5,.1,256,78,4.7,6.5,5.8
93,106,6,29.6,14.8,22.1,44.7,10.9,22.2,2.2,26.07,0,29.2,14.8,20.8,25.6,16.5,20.5,2,1.2,248,50,7.2,7.2,9.4
93,107,6,32.1,12.9,22.1,41.4,10.1,24.7,2.3,26.63,0,33.1,13.7,22.4,28.3,16,21.7,1.8,.6,142,66,5.2,7,9.4
93,108,6,30.9,13.8,22.4,45.3,10.6,22.3,2.3,27.02,0,32.8,15.9,23.3,28.4,18,22.8,3.2,2.3,242,43,9.3,8.5,9.5
93,109,6,30.6,10.2,21.4,53.1,10.1,21,2.2,27.45,0,33.5,15.5,23.2,28.7,17.9,22.8,2.6,1.2,325,58,8.3,8,7.9
93,110,6,33.6,7.4,21.2,53.4,8.9,21.7,2.4,28,0,34.8,14,23.3,29.5,16.9,22.7,1.5,.4,61,70,5.9,7.3,8.1
93,111,6,36.9,8.6,23,49.8,7.7,21.3,2.7,27.82,0,35.8,14.9,24.3,30.3,17.5,23.5,1.5,.3,326,71,6.1,7.6,9.2
93,112,6,35.8,11.7,24.1,46,8.2,19.5,2.8,23.76,0,30.3,16.4,22.4,28.4,18.8,23.1,2.1,1,228,59,8.8,7.1,9.7
93,113,6,30.9,13.1,22.5,33.9,10,16.7,2.4,28.16,0,25.6,14.5,19.4,23.8,17.4,20.5,3,2.2,241,43,9.7,8.8,9.1
93,114,6,28.5,12.8,21.3,32.9,11.6,17.3,2.2,27.55,0,31.6,12.9,21.3,27.4,15.7,21.1,2.7,1.8,249,47,7.4,8,7.9
93,115,6,32.6,9.9,22.1,47.4,9.9,23.4,2.4,27.76,0,34.5,14.5,23.6,29.5,17.1,22.9,1.5,.6,233,64,5.9,7.3,8.5
93,116,6,35.6,11.2,24,45.1,8.3,21.5,2.7,28.27,0,36.1,16.2,25.2,31,18.6,24.4,1.5,.3,255,72,6.4,7.7,9.7
93,117,6,36.4,15.8,25.2,36,8.3,17.9,2.9,25.67,0,36.5,17.9,25.7,30.9,20,25,1.9,.8,194,62,6.7,7.3,11.8
93,118,6,34.7,16.5,25,30.2,8.6,17.4,2.9,27.83,0,30.9,18,23.4,28,20.1,23.9,2.1,.6,198,69,6.4,8.1,11.8
93,119,6,36.2,12,24.6,43.1,8,18.8,2.9,28.01,0,30,15.1,21.9,26.9,18,22.3,1.8,.7,239,63,6.8,7.9,10.1
93,120,6,36.2,15.8,27.4,34.7,8,15,3.3,28.19,0,34.7,16.4,24.8,30.1,18.8,24.1,2.8,2.3,254,36,9.1,9.2,11.8
93,121,6,32.1,16.5,25.5,29.4,9.4,14.1,2.9,28.83,0,34.5,19.3,25.7,30.2,21,25.1,3.5,2.6,297,42,9.4,9.6,11.2
93,122,6,34.8,10.3,23.4,38.3,8.5,15.8,2.7,28.56,0,36.5,16.4,25.3,31.3,19.2,24.7,1.8,.6,221,67,6.7,8,9.2
93,123,6,36,16.6,25.9,22.8,8.2,13.4,3.1,26.28,0,35.2,18.1,25.9,30.8,20.2,25.2,2.7,1.7,190,49,7.4,8.3,12
93,124,6,33.6,16.5,25.4,20.5,10.2,14.1,2.9,26.9,0,34.3,18.7,25.9,30.1,20.8,25.3,4.3,3.3,227,40,11.7,9.9,11.6
93,125,6,29.3,11.8,21,35.7,10.5,16.6,2.2,29.29,0,35,16.9,25,30.3,19.7,24.7,2.1,1.5,280,45,10,8,7.8
93,126,6,31.9,9.7,21.5,36.1,9.6,16.8,2.4,26.39,0,30.6,16.2,22.5,27.7,18.9,23.3,1.6,.1,31,78,6.1,7,8.3
93,127,6,32,14.3,23.6,26.5,10.4,16.5,2.6,28.55,0,28,15,20.9,25.7,17.9,21.6,2.7,1.8,224,47,8.3,8.6,10.1
93,128,6,33.3,15.4,24.9,36.5,9.1,18,2.8,28.95,0,32.4,15.2,23.1,28.6,17.7,22.8,4.3,2.8,264,47,12,10.3,11
93,129,6,32.1,13.7,23.3,24.2,9.5,13.6,2.6,29.96,0,35.1,16.3,24.8,30.4,18.8,24.2,2.2,1.4,347,48,7.4,8.4,9.8
93,130,6,38.9,10.6,25.7,38,7,15.8,3.3,29.42,0,36,16.3,25.6,31.1,19.1,24.8,2.8,1.8,62,49,10,9.8,10
93,131,6,40.6,14.1,29.3,32.3,6.4,13.1,4,28.87,0,37.8,18.4,27.4,32.5,20.6,26.2,3,.8,199,70,11.4,10.1,11.6
93,132,6,36.3,22.9,29,31,8.9,15.7,3.5,23.33,0,32.6,21,25.9,30.4,23.6,26.3,3.3,1.2,248,64,10.7,8.5,14.9
93,133,6,36.8,18,28,49.1,8.6,25.4,3.1,28.17,0,31,19,24.4,28.6,21.2,24.6,2,.3,235,75,7.9,8.3,12.9
93,134,6,38.8,19.3,29.8,46.8,7.4,19.6,3.7,28.41,0,37.5,19,27.4,32.9,21.1,26.5,1.6,.3,316,72,6.9,8.4,13.6
93,135,6,36.7,19.4,28,92,9.3,27.8,3,23.58,0,36,21.8,28,32.1,23.4,27.4,3.7,.8,238,71,15.8,8.1,13.4
93,136,6,33.9,16.6,25.7,94.6,12.1,50.2,2,27.77,0,37.7,20.7,28.2,33.1,22.7,27.5,2.4,1,262,62,8.6,7.4,11.6
93,137,6,34,18.1,26.6,63.1,11.9,32.9,2.5,28.62,0,38.8,21.6,29.1,33.9,23.4,28.2,2.4,1.1,259,59,7.3,8,12.4
93,138,6,36.5,19.3,28.3,45.8,11.1,24.9,3.1,28.25,0,39.5,21.9,29.7,34.7,23.7,28.7,2.4,1.3,241,55,6.7,8.4,13.4
93,139,6,37.6,18.4,28.4,53.8,8.7,25.8,3.2,28.94,0,37.2,22.3,27.9,34.5,24.2,28.6,1.9,1.1,258,54,8.3,8.4,13.1
93,140,6,38.5,20.1,29.4,34.2,7.7,17.3,3.7,29.39,0,33.1,19.7,26,30.5,22.7,26.6,2.6,1.5,220,53,7.8,9.4,14
93,141,6,36.5,17.8,28.3,40.3,8.6,18,3.4,28.89,0,38.1,19.5,28,33.7,22.1,27.5,3,1.7,212,52,8.3,9.4,12.7
93,142,6,36.1,18.3,28,38.2,8.4,18.3,3.3,29.39,0,38.6,21.3,29.2,34.2,23.6,28.6,2.7,1.5,235,54,7.9,9.2,12.9
93,143,6,35.8,19.4,28.4,44.8,11.8,23.4,3.1,28.35,0,38.9,22.5,29.9,34.4,24.4,29.2,3,1.9,243,49,8.5,9,13.3
93,144,6,36.3,19.2,28.4,41.5,10.1,19,3.3,29.06,0,39.9,22.6,30.5,35.3,24.6,29.6,2.1,.6,223,68,9.1,8.6,13.2
93,145,6,39.1,18.7,29.3,32,7.6,15.8,3.7,28.34,0,40.3,22.5,30.5,35.6,24.6,29.7,2.2,.8,231,64,7.8,8.8,13.4
93,146,6,39.7,19.6,29.6,32.8,7.2,18.1,3.8,29.08,0,37.7,22.9,28.5,35.7,24.8,29.3,2.4,.8,182,67,16.1,9.2,13.9
93,147,6,39.4,20.4,29.4,35.5,6.8,15.5,3.8,30.06,0,31.5,20.4,25.6,29.8,23.5,26.7,2.9,2.1,211,43,10.1,10,14.1
93,148,6,36.6,18.1,27,16.8,8,12.1,3.4,26.18,0,35.7,18.3,26,31.8,21.3,26.1,3.5,2.9,185,35,11.5,9.4,12.8
93,149,6,36.3,14,25.9,26.3,8,13.7,3.2,30.24,0,38.2,19,27.9,33.7,21.8,27.4,1.8,.7,227,64,6.9,8.7,10.9
93,150,6,38.6,14.6,27.8,31.3,7.1,14.3,3.6,30.54,0,39.4,20.4,29.2,34.6,22.9,28.5,1.8,.2,337,77,6.8,9,11.6
93,151,6,39.8,18.5,29.8,30.3,6.7,12,4,29.66,0,39.4,21.9,29.9,34.8,24.1,29.2,2.7,1.7,223,49,8.6,9.9,13.4
93,152,6,36.8,18.3,28,34.3,8.2,13,3.5,29.77,0,38.4,21.9,29.5,34.2,24.1,28.9,3.1,1.9,244,49,10.2,10,12.9
93,153,6,35.2,19.4,27.2,35.9,9,18.2,3.2,29.43,0,37.4,22.3,28.8,33.4,24.3,28.4,2.9,2.3,258,38,10.4,9.5,13.2
93,154,6,34.8,15.6,25.7,44.5,9,18.8,2.9,28.86,0,37.5,21.5,28.5,33.3,23.6,28,2.2,1,231,59,8.8,8.6,11.4
93,155,6,36.4,16.5,26.5,24.8,8,14.2,3.2,26.82,0,36.5,21,28,32.5,23.2,27.6,2.7,1.4,193,55,11.3,8.5,12.1
93,156,6,35.2,15.6,26.4,24.4,8.4,12.8,3.2,28.36,0,35.6,20.8,27.5,31.8,23.1,27.1,5,4.4,196,28,13.4,11.1,11.4
93,157,6,26.6,14.6,20.7,58.4,12.5,27.4,1.8,23.92,0,32.5,21.2,25.6,29.4,23.3,25.7,3.7,3.4,254,23,11.6,7.4,7.8
93,158,6,29.4,10.8,20.8,45.7,11.3,23.6,2.1,29.97,0,34.8,17.9,25.7,30.8,20.5,25.3,2.1,1.1,244,56,7.4,7.9,7.5
93,159,6,32.5,12.6,23.3,42.7,9.7,21.3,2.5,30,0,36.4,18.9,26.9,31.9,21.3,26.3,2,.6,226,68,9.5,8.3,9.4
93,160,6,35.7,15.3,26.2,34.4,8.4,18.7,3.1,30.02,0,38.6,20.4,28.5,33.6,22.4,27.6,1.9,.5,254,70,7.2,8.5,11.4
93,161,6,39.3,15.7,28,30.3,6.9,15.1,3.7,30.39,0,35.8,20.4,27.4,33.6,22.6,27.9,1.6,.3,229,74,5.9,8.7,12.2
93,162,6,40.9,18.5,29.9,22,6.4,12.3,4.1,30.16,0,33.3,19,25.4,30.7,22.4,26.4,2.3,1.3,204,53,5.9,9.5,13.5
93,163,6,41.2,17.9,30.2,24,6.2,12.1,4.2,30.88,0,37.9,18.5,27.5,33.5,21.5,27.1,2.2,.8,216,66,9.3,9.7,13.3
93,164,6,42.3,17.5,30.7,25.6,5.8,11.5,4.4,30.91,0,40.3,20.7,30,35.5,23.2,29.1,1.7,.5,293,69,5.3,9.3,13.2
93,165,6,43.1,18.4,31.6,24.9,5.5,11.1,4.6,27.21,0,39,22.3,30.3,34.8,24.6,29.6,1.9,1,255,57,6.1,8.6,13.7
93,166,6,43.9,20.6,33.2,24.5,5.2,10.7,4.9,24.39,0,39.2,23.8,30.8,34.9,25.6,30,2.4,.6,120,70,10.3,8.5,14.5
93,167,6,42.4,23.1,33,31,5.8,12.8,4.8,29.04,0,40.3,24.8,31.7,35.9,26.3,30.8,2.8,1.6,254,54,10.4,10.4,15.4
93,168,6,38.2,21.2,30.3,31.6,7.4,13.1,4,30.28,0,39.4,23.7,30.8,35.2,25.6,30.1,3.2,2.3,246,43,11,10.6,14.4
93,169,6,38.4,15.6,28.2,29.8,7.3,13.9,3.7,31.12,0,35.2,21.8,27.8,33.1,24.4,28.6,1.8,.5,261,70,7,9.2,12
93,170,6,41.9,16.9,29.9,34.6,6,14.8,4.1,30.54,0,33.4,19.8,26.4,30.9,22.8,26.9,1.6,.4,247,70,6.6,8.9,13
93,171,6,42.5,20,31.8,25.4,5.8,12.1,4.6,30.39,0,40,19.9,29.4,35.3,22.8,28.8,1.9,.9,235,58,6.9,9.5,14.2
93,172,6,40.8,20.1,31.1,51.2,8,17.7,4.1,30.62,0,40.5,22.8,31,36,25.1,30.3,2.4,1.4,236,51,7.4,9.8,14.2
93,173,6,40.3,19.1,30,36.6,9.5,22.5,3.7,30.98,0,40.7,23,31.2,36.3,25.3,30.5,2,1.1,218,54,6.2,9.2,13.7
93,174,6,41.3,18.7,29.8,37.2,8.2,21,3.7,30.72,0,36.5,23,28.8,34.2,25.3,29.5,2.1,1,227,59,5.7,9.2,13.7
93,175,6,41.7,19.9,31.2,37,8.5,22,4,30.65,0,33.9,20.1,26.8,31.3,23.2,27.5,2,1,224,57,6.4,9.2,14.1
93,176,6,44.6,19.8,32.2,38.8,5.9,20.9,4.4,30.93,0,40.8,20.8,30.2,36.2,23.5,29.5,1.6,.8,237,59,5.3,9.1,14.3
93,177,6,46.3,19.6,33.3,41.4,5.1,18.5,4.8,30.67,0,42.2,23.3,32.1,37.4,25.6,31.3,1.8,.6,276,66,5.6,9.5,14.4
93,178,6,44.9,22.4,34.3,33.2,6.1,16.2,5.1,30.49,0,42.3,25.2,33.1,37.8,27.1,32.2,2,1.1,247,56,5.9,9.8,15.3
93,179,6,44,24.9,34.3,40.5,8,20.5,4.7,26.33,0,41.9,26.4,33,37.4,27.9,32.2,2.2,1.3,256,52,5.9,8.7,16.1
93,180,6,42.6,25.9,34.5,38.1,10.2,20.6,4.6,29.02,0,42.4,26.8,33.7,37.9,28.2,32.7,2.7,1.7,244,50,7.6,9.7,16.4
93,181,6,42.4,25.4,34.7,52.9,17.9,32,4,28.96,0,43.3,27.2,34.6,38.6,28.7,33.3,2.4,1.4,237,53,10.2,9.1,16.1
93,182,6,41.8,24.8,33.8,56.5,19.8,35.5,3.7,29.61,0,37.3,25.9,31.6,35.3,28.7,32,2.3,1.1,247,58,6.9,9,16
93,183,6,40.2,23.6,32.6,64.1,25.4,42.3,3.1,29.39,0,35.9,24.4,29.8,33.7,26.6,30,2.5,1.3,254,56,8.5,8.8,15.5
93,184,6,39.8,25,31.8,65.5,29.7,45.9,2.8,27.3,0,40.5,25.4,32.2,36.8,27.2,31.6,2.7,2.1,223,40,7.3,8.2,15.9
93,185,6,39.4,21.1,30.3,58.9,22.4,39.8,2.8,28.78,0,40.1,25.1,32.1,36.6,27.2,31.7,3.2,2.4,217,39,10.6,9.1,14.5
93,186,6,39.6,19.8,30.2,62.3,24.6,40.7,2.8,29.34,0,41.7,24.6,32.5,37.6,26.7,31.8,2.4,1,235,62,7.8,8.5,13.9
93,187,6,40.9,23.2,31.9,55.7,16.5,36.6,3.3,29.86,0,42.9,26.4,33.9,38.5,28.2,33,1.7,.4,237,71,6.1,8.5,15.4
93,188,6,43.4,22,33.1,56.5,11.1,32.4,4,30.01,0,43.4,26.4,34.2,38.8,28.3,33.3,1.9,1.1,230,54,6.1,9,15
93,189,6,42.8,24,34,55.6,21.2,35,3.8,29.15,0,43.5,27.1,34.8,39,28.9,33.7,2.8,1.6,238,54,9.5,9.4,15.7
93,190,6,41.1,24.7,33.1,70.1,30.7,46.3,2.9,28.35,0,38.5,27.8,32.5,36.6,29.7,33.1,2.2,1.1,226,57,9.3,8.2,15.9
93,191,6,39.3,24.8,32,71,34.5,50.2,2.5,23.61,0,36.7,25.9,30.2,34.4,28,30.8,2.3,1.5,194,47,8.9,6.7,15.8
93,192,6,38.9,24.8,30.5,75.6,35.3,55.4,2.1,22.51,0,40.9,25.7,31.3,36.5,27.4,31.2,3.4,2.1,172,50,12.9,7,15.8
93,193,6,35.2,22.1,28.4,90.8,44.2,69.1,1.4,20.63,0,39.4,25.8,31.3,35.5,27.5,31.1,2.6,1.9,160,43,6.5,5.3,14.4
93,194,6,39,25,31.3,75.2,33.8,53.9,2.3,27.21,0,43,27.1,33.8,38.6,28.4,32.9,2.6,1.8,178,44,6.4,7.6,16
93,195,6,40.4,23.2,31.8,65.8,22.8,42.5,3,29.4,0,39.7,27,32.3,38.5,28.8,33,1.7,.7,189,62,5.5,8.1,15.3
93,196,6,39.9,22.2,30.7,66.7,25.4,45.7,2.6,26.34,0,36.3,24.6,29.4,34.3,27.3,30.4,2.5,1.9,177,40,12.3,7.7,14.9
93,197,6,39,23.1,31,69.9,13.3,38.6,3,28.1,0,40.9,23.9,31.3,36.9,26.4,31.1,2.6,1.6,190,51,7.1,8.3,15.2
93,198,6,38.9,19.6,29.7,55.5,15.7,34.7,3,28.23,0,41.6,24.1,32.1,37.6,26.8,31.8,1.7,.6,196,66,5.9,7.9,13.8
93,199,6,40.2,20,30.1,59.1,13.5,33.1,3.2,28.53,0,41.8,24.9,32.6,37.7,27.4,32.2,1.7,1,193,53,7.3,8.2,14.1
93,200,6,39.6,18,30.1,56.6,10,26.2,3.6,26.86,0,40.8,24.7,32.1,36.7,27.3,31.9,1.5,.4,303,68,4.6,7.6,13.2
93,201,6,39.9,19.4,29.2,44.5,7.9,23.3,3.5,29.81,0,41.6,24.3,32.1,37.5,26.8,31.8,2,1,191,56,6.7,8.7,13.8
93,202,6,39.6,18.6,29.3,41.5,9.9,28.2,3.2,29.64,0,36.6,24.4,29.4,34.8,26.9,30.6,2.5,1.5,201,50,8.2,9,13.4
93,203,6,39.7,19.4,29.8,48.1,8.4,26.6,3.4,29.64,0,33.9,20.9,27.3,32.1,24.3,28.2,2,.7,227,65,6.2,8.7,13.8
93,204,6,40.5,20.6,30.1,45.4,10.6,30.9,3.3,28.53,0,39.6,22,30.1,35.8,24.5,29.8,2.3,1.7,207,43,9.1,8.7,14.3
93,205,6,40.1,19,30,43.4,10.5,27,3.4,29.49,0,41,23.4,31.5,36.8,26,31,2.4,1.5,187,50,7.3,8.9,13.6
93,206,6,39.7,19.2,29.4,46.5,9,27.6,3.3,29.59,0,40.9,24.1,31.8,36.9,26.6,31.5,2.3,1.9,186,35,8.5,9,13.7
93,207,6,41.4,17.9,29.9,55.1,8.1,25,3.7,29.53,0,41.3,24,32,37.2,26.5,31.6,1.6,.7,253,61,7.9,8.5,13.3
93,208,6,41.8,18.8,30.6,46.8,7.6,24.5,3.8,29.46,0,41.8,24.4,32.5,37.6,26.8,31.9,1.6,.6,232,64,5.1,8.5,13.8
93,209,6,43.1,19.1,30.9,46.7,8.2,27.4,3.8,22.64,0,40.2,25,32,36.4,27.2,31.6,1.3,.6,205,60,3.8,6.5,13.9
93,210,6,43,26,34.1,42.7,13.5,27.1,4.1,20.15,0,39.7,27.8,33.1,36.2,28.9,32.4,1.8,0,349,81,6.7,6.5,16.4
93,211,6,43.2,22.6,33.5,59.4,10.9,28.4,4.1,27.55,0,43,26.7,34.1,38.2,28.5,33.1,1.5,.7,251,61,6.9,8.2,15.2
93,212,6,44.9,23.1,34.7,53.4,8.6,26.8,4.5,28.04,0,43.5,27.3,34.7,38.8,29.1,33.7,1.9,1,273,55,5.3,8.7,15.6
93,213,6,45.7,24.9,36,45,8.3,23.8,5,27.19,0,44,28.1,35.3,39.2,29.7,34.2,2.3,1,203,61,10.7,9.1,16.1
93,214,6,43.6,28.9,35.4,41.9,14.8,29.6,4.3,25.54,0,43.6,29.7,35.5,39.1,30.7,34.4,2.5,1.3,194,56,6.5,8.6,17.1
93,215,6,42.8,24.2,33.5,89.2,20.6,40.4,3.4,19.26,0,41.3,28.8,34,37.3,30.2,33.3,2.2,.7,172,66,13.6,5.9,15.8
93,216,6,38.3,23.4,30.1,95.2,37.7,69.7,1.6,25.32,6,39.3,26.3,32.2,36.3,28.3,32.1,2.1,1.3,165,49,10.5,6.5,15.2
93,217,6,41.9,25.9,33,87.2,28.4,54.9,2.7,25.04,0,43.2,27.9,34.3,38.9,29.2,33.4,1.7,.6,139,66,10.8,6.9,16.4
93,218,6,40.3,24.1,31.4,81,34.4,54.8,2.3,21.67,0,39.5,26.2,31.7,36.4,29,32.3,2.5,.2,289,78,11.4,6.3,15.7
93,219,6,37.6,23.4,29.9,88.3,36.2,58.7,1.9,18.71,0,35.4,25,28.3,32.7,27,29.2,3.1,1.8,130,52,9.9,5.5,15.2
93,220,6,38.6,24.2,28.8,92.9,36.4,65.6,1.5,17.39,0,38.2,24.1,28.8,33.7,26.1,29.1,2.4,1.3,178,54,8.2,4.7,15.6
93,221,6,41.8,22.6,31.9,94.7,25.7,59.9,2.4,26.87,2,41.7,25.1,32.4,37.6,26.8,31.6,2,.6,183,68,18,7.4,15.2
93,222,6,42,21.6,32,93.1,19.4,52.9,2.8,27.42,0,42,25.1,32.6,37.7,27.3,32.1,1.3,.3,236,71,5.9,7.4,14.8
93,223,6,43.6,22.3,32.5,81.6,10.4,41.4,3.5,27.19,0,43.1,26.1,33.7,38.7,28.2,33.1,1.4,.7,205,57,7.4,7.7,15.1
93,224,6,42.9,21.6,32,58.9,7,28.1,4,27.97,0,42.7,25.9,33.4,38.5,28.2,32.9,2.1,1.2,219,53,5.9,8.7,14.9
93,225,6,41.1,19.9,29.9,60.6,14.4,37,3,22.1,0,40.2,25.3,31.9,36.5,27.7,31.8,3,1.9,155,48,14.6,7,14.1
93,226,6,39.8,22.1,30.4,81.6,16.1,48.1,2.6,26.08,0,41.2,26.5,32.8,37.2,28.3,32.4,2.6,1.9,182,42,9.7,7.9,14.9
93,227,6,40,15.8,28.5,47,7.4,26.2,3.4,28.49,0,41,23.3,31.4,36.7,26.3,31.3,1.9,1.4,182,42,7.6,8.5,12.3
93,228,6,41.8,18.7,30.4,50.4,8.9,26.8,3.6,27.32,0,42.1,24.8,32.4,37.6,27.1,31.8,1.7,.4,241,70,6.6,8.1,13.7
93,229,6,41.2,21.1,31.3,64.2,18.4,37,3.2,26.45,0,42.6,25.7,33.3,38,27.7,32.5,1.5,.5,209,68,4.9,7.5,14.5
93,230,6,41.9,22.1,32.3,69.4,14.9,36.5,3.4,26.18,0,42.9,26.7,33.9,38.4,28.6,33.1,2.5,1,143,63,13,8.3,15
93,231,6,39.6,25.5,30.8,77.8,30.9,51.7,2.3,21.7,0,43.6,28.2,33.9,38.6,29.7,33.2,2.6,1.6,170,49,16,6.4,16.1
93,232,6,40.4,24.1,29.9,93.3,32.1,68,1.6,23.61,2,37.1,27.6,31.5,35.3,29.3,31.9,2.2,1,136,59,14.8,6.4,15.7
93,233,6,39.7,24.2,31.3,93.9,32.7,60.5,2.2,23.33,0,37.1,26.4,30.4,34.3,28.1,30.8,1.9,.6,124,67,11.2,6.3,15.7
93,234,6,40.3,23.9,31.4,73.2,15,44.1,2.9,26.03,0,39.1,24.8,30.7,35.8,26.9,30.8,1.3,.6,179,59,4.3,7,15.5
93,235,6,41.7,21.2,31.8,72.2,19.5,43.4,3.1,25.84,0,41.7,24.3,32.2,37.5,26.7,31.8,2.2,1.4,242,47,6.7,7.7,14.7
93,236,6,39.5,23.1,31.5,84.7,32.5,57.2,2.3,25.69,0,42,28.2,34,38.3,29.6,33.5,3.7,1.7,226,59,15.6,7.7,15.2
93,237,6,30.8,21.7,25.7,89.6,53.4,74.2,.9,12.77,0,35.3,26.6,29.3,34.1,28.5,30.5,1.2,.2,327,74,4.9,2.6,13.4
93,238,6,31.1,23.6,25.9,96.3,61.1,82.3,.6,9.26,0,31.5,25.8,27.5,30.2,27.4,28.4,1.1,.8,176,42,4.8,1.6,14.4
93,239,6,25,22.2,23.6,97,92.6,95,.1,5.96,11,27,24.9,25.8,27.6,26.3,26.9,2.1,1.3,10,51,6.2,.7,10.8
93,240,6,34.4,21.9,27.2,95.8,48.1,79.3,.9,22.81,1,35.4,24,28.6,32.7,25.4,28.6,1.6,.6,153,65,9.4,5.2,14.2
93,241,6,33.8,20.9,26.9,96.6,52.1,79.5,.9,21.14,24,35.4,24.3,28.7,32.8,26.2,29,2.1,.3,63,75,11,4.8,13.7
93,242,6,33.6,20.1,26.8,98,48.7,81.4,.8,23.91,19,35.5,23.3,28.6,32.9,25.1,28.6,1.2,.5,128,62,8,5.2,13.2
93,243,6,33.6,23.4,27.7,94.4,52.6,74.6,1.1,18.47,0,34.7,25,28.2,31.9,26.5,28.7,2.2,1.5,79,45,8.8,4.7,14.8
93,244,6,36,20.9,28.4,93.6,37.1,66.7,1.5,24.77,0,37.8,23.2,29.2,35.3,25.3,29.7,1.8,.8,86,59,6.7,6.2,14
93,245,6,39.6,22.7,30.2,94.8,27.8,64.4,1.9,24.6,0,36.7,25.1,30.1,34.2,27.1,30.4,1.3,.8,196,50,4.6,6.2,15.1
93,246,6,41.9,23,31.3,86,22.5,57,2.4,23.86,0,40,24.6,31,36.3,26.7,30.9,1.4,1,190,45,3.9,6.2,15.3
93,247,6,41.3,23.5,31,83.2,25.4,54.5,2.4,24.2,0,41.5,25.2,32.3,37.5,27.3,31.9,1.7,.6,193,66,5.1,6.4,15.5
93,248,6,39.9,23.4,30.6,80.1,21.3,53.7,2.4,23.32,0,42.1,26.2,32.7,38,28.1,32.4,1.7,.7,182,62,4.8,6.2,15.4
93,249,6,39.7,23.2,30.5,82.2,28.6,55,2.3,23.11,0,42.2,26.5,32.9,37.5,28.4,32.5,1.9,1.1,208,53,10.2,6.3,15.2
93,250,6,40.9,21.8,30.3,91.2,12.7,53.6,2.6,24.11,0,42,26.5,33,37.9,28.4,32.6,1.5,.3,246,72,5.3,6.6,14.8
93,251,6,41.6,19.4,29,84.2,7.2,47.3,2.8,24.83,0,41.6,25,32,37.5,27.5,31.9,1.4,.6,196,59,3.5,6.6,13.9
93,252,6,41.6,16.9,29,86.4,7,41.4,3.1,24.35,0,40.7,24.2,31.5,36.9,26.8,31.4,1.6,.8,184,58,7.7,6.9,12.9
93,253,6,40.4,21.2,31.1,69.2,14.8,39.1,3.1,23.29,0,41.2,25.7,32.4,37.1,27.6,32,2.8,1.1,116,63,22.3,7.4,14.6
93,254,6,38.3,20.4,29.8,79,20.5,45.1,2.7,22.14,0,39.8,25.9,32,36.2,28,31.7,2.4,1.2,114,57,11.6,6.8,14
93,255,6,34.7,24.4,28,62.4,37.9,49.4,2,19.91,0,38.2,26.3,30.6,34.7,28,30.7,4.8,4.2,139,28,13,7,15.4
93,256,6,35,21,27.7,88.8,29.9,55.3,1.8,20.75,0,37.5,25.5,30.3,34.4,27.1,30.2,3.1,2.4,206,38,8.8,6,13.9
93,257,6,33.7,17.1,25.5,73.4,23.7,45.9,2,23.28,0,38.3,22.7,29.3,34.5,25.3,29.4,2.2,1.4,128,47,6.8,6.3,11.9
93,258,6,36.2,17,26.4,86,20.2,50.2,2.1,23.08,0,38.9,22.9,29.7,34.9,25.3,29.6,1.4,.3,139,72,5.9,6,12.3
93,259,6,36,19,26.9,85.5,10.1,42.2,2.4,23.43,0,35.5,23.6,28.8,33,25.7,29,3.5,3.2,188,24,11.8,7.9,13.2
93,260,6,33.6,15.3,24.6,71.6,14.9,39.5,2.1,23.33,0,31.1,20.9,26.2,29.8,24,27.3,2.4,1.7,193,44,8.4,6.7,11
93,261,6,31.9,14.2,22.8,69.9,13.5,39.2,2,23.23,0,29.9,17.8,23,28.2,20.9,24.3,1.6,.7,181,62,6.7,5.9,10
93,262,6,34.6,11.5,22.1,74.6,9.6,39.7,2.1,23.33,0,30.7,16.5,22.8,28.6,19.7,23.8,1.2,.2,234,75,7.6,5.8,9.4
93,263,6,37.6,11.2,24.4,82.5,9,37.4,2.5,22.92,0,34.2,17,24.6,30.8,20.1,25,1.4,.5,132,65,5.7,6.1,10
93,264,6,39.6,13.4,26.3,77.5,8.2,36,2.8,22.56,0,35.7,19.4,26.6,32.2,21.9,26.6,1.4,.3,63,72,5.4,6.2,11.1
93,265,6,39.4,16.3,27.3,66.3,8.9,31.6,3,22.4,0,35.8,20.8,27,34.1,23,28.1,1.5,.6,196,64,4.1,6.3,12.4
93,266,6,38,17,28.3,46.6,19.5,34.1,2.7,21.51,0,32.3,18.8,24.9,30.1,22,25.9,2.1,.6,215,68,6.5,6.4,12.6
93,267,6,36.2,20,27.6,79.3,28,51.4,2,20.59,0,33.2,21.8,26.4,31,23.5,26.7,1.5,.6,296,62,7.4,5.4,13.6
93,268,6,37,15.5,24.8,77.4,8.4,39.2,2.4,22.06,0,34.9,19.4,25.9,31.7,22.1,26.4,1.4,.5,217,66,4.5,5.8,11.7
93,269,6,38.3,12.1,24.1,61.8,7.4,29.6,2.7,22.1,0,34.6,18.8,25.7,31.5,21.7,26.1,1.4,.1,223,79,7.2,6.1,10.3
93,270,6,38.7,13.1,25.8,58.3,7.8,27.3,3,21.44,0,34,19.2,25.8,31.1,21.9,26.1,2,1.4,78,46,10.4,7.1,10.9
93,271,6,38.8,13.5,25.6,59.9,7.5,30.2,2.9,21.34,0,34.6,19.6,26.1,31.4,22.1,26.3,1.7,.7,69,60,8.4,6.5,11
93,272,6,39.1,13.5,27,58.7,8,27.1,3.1,20.99,0,33.8,19.7,26.2,30.8,22.2,26.3,1.7,.9,168,56,5.7,6.3,11.1
93,273,6,37.7,20.2,27.4,61.1,13.1,37.7,2.6,18.08,0,34.4,23.4,27.7,31.5,24.6,27.5,1.3,.6,191,61,4.1,5,13.9
93,274,6,39.2,16.2,26.8,63.2,8.2,32.8,2.8,20.21,0,34.3,22.1,27.2,31.4,23.9,27.2,1.5,.5,193,66,6.2,5.7,12.3
93,275,6,39.6,15.2,26.8,58.2,7.6,26.5,3,20,0,34.1,21.5,26.8,31.2,23.5,26.9,1.3,.2,226,74,4.6,5.6,12
93,276,6,40.4,13.9,26.4,60.1,7.2,27.9,3.1,19.8,0,33.9,20.9,26.5,31,23.1,26.6,1.3,.2,327,76,4.6,5.7,11.5
93,277,6,39.5,16.8,28.4,49.5,8.6,26.1,3.3,19.4,0,34.2,21.8,27.2,31.2,23.6,27.1,1.7,.7,171,61,8.3,5.9,12.6
93,278,6,38.1,21.7,28.8,64.9,13.5,36.3,2.8,17.57,0,34.6,24,28.1,31.7,25.3,27.9,2,.9,166,61,9.9,5.7,14.6
93,279,6,30.4,18,23.6,97.7,45.8,72,.9,9.34,1,29.1,22.1,25.6,28,24.2,26.2,3.1,1,162,67,17.2,2.7,11.4
93,280,6,30.2,16.2,22.7,98,36.6,72.7,1,18.94,1,31.2,20.6,24.9,29.1,22.4,25.3,1.2,.4,302,64,5.2,4.1,10.4
93,281,6,32.7,17.1,23.5,87.9,17.7,50.4,1.7,19.58,0,31.7,20.3,25.1,29.3,22.3,25.4,2.5,1.3,175,58,7.8,5.3,11.6
93,282,6,33,16.2,24.6,82.9,27.2,51.1,1.7,19.33,0,32.8,21,26,30.1,22.8,26,1.6,.1,158,78,5.6,4.9,11.3
93,283,6,32.8,14.7,23.5,82.8,27.6,55.2,1.6,16.3,0,31.6,20.6,25.4,29.1,22.6,25.7,1.2,.1,6,78,4.4,3.8,10.5
93,284,6,31.5,16.4,23.4,70.8,19.7,50.4,1.6,14.15,0,29.9,21.1,25,28.1,22.8,25.3,1.5,.7,250,60,4.8,3.5,11
93,285,6,32.6,15.8,23.6,71.2,31.6,50.3,1.7,18.9,0,32.4,20.7,25.5,29.7,22.4,25.6,1.5,.3,258,71,7.7,4.7,11
93,286,6,32.7,13.4,22.5,76.7,14.9,45.4,1.8,18.28,0,31.6,19.6,24.7,29,21.8,25,1.4,.4,212,101,4,4.5,9.8
93,287,6,33.8,15.4,23.7,68.2,13,35.4,2.2,17.74,0,31.1,20.5,24.8,28.8,22.2,25,1.8,1.1,245,52,8,5.3,11.1
93,288,6,31.2,15.7,22.7,46.2,15.9,31.2,2.1,15.55,0,29.7,19.8,23.7,27.3,21.6,24.2,2.3,1.5,241,49,7.8,5,10.5
93,289,6,22.5,15.7,18.5,95.8,40.1,59,.9,5.72,0,23.9,20.2,21.5,23.6,21.7,22.5,2.4,1.2,15,57,7.3,1.5,6.4
93,290,6,26.4,12.3,19.1,95,33.5,65.4,.9,17.61,0,28.3,19.5,22.7,26.4,20.9,23,1.9,1.3,258,46,8,4,6.5
93,291,6,26.8,10.9,17.6,76,27.5,49.2,1.2,16.25,0,28.5,17.7,21.6,26.1,19.7,22.3,1.3,.5,252,65,6.8,3.7,6.3
93,292,6,26.6,8.7,17.1,78.2,19.1,46.3,1.2,17.82,0,27.1,16,20.7,25.2,18.5,21.5,1.6,.8,304,57,6.5,4.3,5.7
93,293,6,29.5,6.6,17.6,73.1,13.6,42.1,1.5,18.24,0,27.6,15.2,20.6,25.4,17.8,21.3,1.4,.5,337,65,5.9,4.4,6.7
93,294,6,30.3,7,19,71.8,14,38.4,1.7,16.38,0,26.3,15.1,20.3,24.4,17.7,21,3.2,2.4,69,42,10.4,5.6,7.1
93,295,6,30.2,13.4,21.3,50.7,11.1,24.7,2.1,14.27,0,26.2,17,20.8,24.2,18.8,21.3,2.6,2.1,37,36,8.8,4.9,9
93,296,6,32.6,8.1,19.7,72.1,10.2,33.8,1.9,17.65,0,27.9,15.6,20.8,25.4,18,21.3,1.6,.6,40,63,6.8,4.8,8.1
93,297,6,31.9,7.2,18.8,58.5,10.9,33.6,1.8,16.95,0,27.6,14.7,20.3,24.9,17.3,20.8,1,.1,230,78,4.1,4.1,7.6
93,298,6,32.4,13.3,20.8,48,10.4,31.6,2,14.82,0,28,18,21.4,25.5,19.3,21.7,1.3,.1,329,78,5,4,9.7
93,299,6,31.5,8.4,19.9,65,11,31.2,1.9,16.84,0,27.6,15.6,20.8,25.1,17.9,21.2,2.5,1.3,327,55,14.2,5.1,7.8
93,300,6,26.1,15.9,20.7,40.1,22.5,32,1.7,15.45,0,25.2,18.2,20.7,23.7,19.4,21.1,7.3,6.5,71,26,17.8,7.4,8.3
93,301,6,27.5,10.6,19.2,59.4,16.5,38.9,1.5,16.08,0,27.8,16.2,20.4,26.1,18.1,21.5,2.5,1.4,69,54,9.3,4.4,6.6
93,302,6,27.6,12.4,19.2,63.6,17.1,40.3,1.4,15.97,0,24.5,15.5,18.9,23.2,18.1,20.3,2.4,1.2,188,57,7.5,4.3,7.3
93,303,6,26.3,6.4,16.3,68.6,11.7,33.3,1.5,16.55,0,22,12.4,16.4,21,15.5,18,1.9,1.2,46,50,7.1,4.3,5.2
93,304,6,23.9,7.8,15,47.6,14,30.8,1.3,10.44,0,18.9,11.2,14.6,18.4,14.1,16.2,1.9,1.1,30,54,8.1,2.9,4.3
93,305,6,25.9,5.6,14.9,59.6,13.1,32.4,1.3,14.47,0,21.4,11,15.3,19.7,13.6,16.4,1.3,.4,213,66,5.2,3.4,4.9
93,306,6,26.5,3.7,14.7,60.7,11.8,29.4,1.4,15.82,0,21.6,10,14.9,19.8,13,16.1,2.1,1.5,11,42,10,4.5,4.8
93,307,6,28.8,4.7,15.9,50,11.7,27.2,1.6,15.57,0,23.4,10.2,15.7,20.9,12.9,16.5,1.6,.5,9,67,5.6,4.1,6.1
93,308,6,28.7,4.3,15.8,59,10.9,29.6,1.5,15.43,0,25.2,10.9,17.6,23.3,13.5,18.8,1.5,.5,249,67,6.4,4,5.9
93,309,6,27.3,5.1,15.7,51.7,19.4,37.2,1.3,14.73,0,22,11,15.6,20.3,13.9,16.8,1.4,.7,279,58,6.1,3.5,5.4
93,310,6,26.8,4.6,14.7,77.5,12.2,37.8,1.3,15.03,0,20.4,10.1,14.4,18.9,12.9,15.7,1.3,.5,13,64,6.1,3.5,5.1
93,311,6,27.2,4.2,14,48.1,12.4,32.1,1.3,15.02,0,20.1,9.1,13.7,18.5,11.9,14.9,1.2,.2,227,73,3.7,3.4,5.3
93,312,6,27.4,3.4,14.3,61.6,12.3,33.2,1.4,14.81,0,20.3,8.6,13.6,18.4,11.4,14.6,1.1,.2,273,74,3.2,3.3,5.2
93,313,6,27.5,3.7,14.2,63,12.2,34.5,1.3,14.71,0,20.7,9.1,13.9,18.7,11.7,14.8,.9,0,318,80,3.1,3.2,5.3
93,314,6,27.9,4.3,15.4,52.3,12.8,30.4,1.5,12.6,0,24.3,9.4,15.7,22.5,11.8,16.6,1.3,.7,223,57,4,3.1,5.6
93,315,6,21.1,10.1,15.9,97.9,28.3,52,.9,6.32,6,18.4,12,14.7,17.5,14.2,16,3.9,2.4,217,51,12.2,2.2,3.4
93,316,6,15.9,7.4,11.7,97.2,72.6,91.4,.1,4.63,6,16.7,10.3,13.2,16.1,12.5,14.3,2.1,.4,179,73,8.3,.2,.8
93,317,6,15.7,8.3,10.4,99.6,57.2,89.5,.2,9.02,8,17.4,10.5,13,16.3,12.7,14,2.8,1.6,207,53,9.3,1,.8
93,318,6,12.4,8.2,9.6,100,91,96.3,0,2.8,42,13.8,9.4,11.1,13.5,11.4,12.2,4,2.3,85,53,9,0,0
93,319,6,15.8,6,10.1,99.5,57.7,89.5,.2,10.72,18,17.7,9.2,12.2,15.6,11.2,12.8,2.6,1.1,83,61,8.2,1.3,.7
93,320,6,17.9,3,9.8,100,59,88,.2,12.66,0,17,6.9,11.3,15.4,9.2,12.1,1,.5,358,56,4.8,1.7,1.3
93,321,6,21.1,7.7,12.4,99.2,40.4,83.8,.3,10.96,0,18.6,9.7,12.7,16.5,11.1,13.2,1.1,.3,86,69,6.6,1.6,3
93,322,6,22.9,6.8,13.2,99.6,42.9,83,.4,12.6,0,20.6,8.9,13.3,17.8,10.7,13.7,.7,.3,197,60,3.1,1.9,3.7
93,323,6,21.8,5.5,12.7,100,39,81.4,.4,13.29,0,20.1,8.5,12.9,17.5,10.8,13.7,1.1,.5,276,61,4.9,2.1,3.1
93,324,6,21.6,3.8,11.9,100,25.5,70.8,.6,14,0,19,7.1,11.8,16.7,9.7,12.8,1.5,.9,326,51,5.9,2.6,2.8
93,325,6,22.7,2.8,12.1,100,35.6,78,.5,12.86,0,20.2,6.6,12.4,17.1,9.2,12.9,1.1,.2,224,73,4.2,2,3.2
93,326,6,25,12.1,16.9,97,33.6,74,.6,9.4,0,22.7,12.6,16.1,19.2,13.6,15.8,1.1,.3,154,70,4,1.5,5.8
93,327,6,24.5,12.3,17.4,97.1,37.9,73.6,.7,11.3,0,24.3,13.7,17,21.8,14.9,17.4,1.8,.8,242,61,7.4,2.3,5.7
93,328,6,22.2,8,14.6,96.5,36.8,70.7,.6,13.16,0,20.9,9.8,14.4,19,12.9,15.5,2,.9,222,62,4.9,2.4,3.5
93,329,6,18.3,3.7,10.1,74.5,16.6,43.8,.8,13.48,0,16.8,6.6,10.2,15.4,9.6,12,1.6,1.1,305,45,6.1,2.8,1.5
93,330,6,17.7,.1,7.9,75.9,15,42.4,.7,13.49,0,15.3,3.6,8.2,13.8,7,10,1.4,.6,327,62,5.1,2.6,1.1
93,331,6,18.6,-2,7.8,97,15.7,59.5,.6,13.04,0,16.3,2.8,8.6,14,6,9.8,1.3,.3,253,72,4.6,2.3,1.3
93,332,6,24.3,5.2,12.5,94,14.5,59.5,.8,12.04,0,19.9,8.3,12,16.8,10.1,12.4,1.1,.2,122,72,4.7,2.2,4.1
93,333,6,23.8,3.2,11.4,97.7,15.5,64.2,.7,12.89,0,22.6,6.6,13.6,19.9,9,14.3,.7,.2,87,72,3,2.1,3.6
93,334,6,21.8,3.3,11.2,94.6,23.4,64.5,.7,12.38,0,18.8,7.7,11.6,16.4,10.1,12.7,1.1,.3,285,68,5.8,2.2,2.8
93,335,6,20.3,2.4,10.7,99,31.3,69.7,.5,12.32,0,17,6.5,10.5,15.1,9,11.7,1.6,.9,303,53,6.5,2.3,2.2
93,336,6,23.5,2,11.1,96.6,16.6,61.3,.7,12.48,0,17.3,5.4,10.1,15.1,8.1,11.1,1.4,.5,282,67,4.5,2.4,3.4
93,337,6,20.5,.7,9.4,94.4,14,54,.8,12.85,0,15.7,4.2,8.7,13.8,7.1,10.1,1.6,.3,19,73,6.3,2.7,2.1
93,338,6,21.9,-.9,8.3,90.1,14.6,56.3,.7,12.84,0,16.8,3,8.3,14.1,6,9.5,1,.2,149,71,3.9,2.1,2.6
93,339,6,22.4,-1.1,8.8,95.3,14.9,57.3,.7,12.7,0,17.2,3.3,8.7,14.3,6.2,9.7,1.1,.2,187,75,3.3,2.2,2.7
93,340,6,24.2,0,9.5,95.7,14.9,58.5,.7,12.49,0,22.8,3.9,11.6,20.5,6.5,12.7,1,.2,269,74,3.4,2.2,3.5
93,341,6,23.2,-.5,9.5,96.6,19.5,63.4,.7,12.12,0,17.6,5.2,10,15.2,8.1,11.3,1.2,.1,128,76,3.4,2.1,3.1
93,342,6,17.2,3.9,9.4,95.5,41,74.4,.4,5.77,0,14.4,6.7,9.8,13.2,8.5,10.7,.6,.2,182,69,2.5,.4,1.1
93,343,6,22.3,1.9,10.6,99.9,31.3,73.7,.5,11.89,0,17.8,5.3,10.1,15,7.7,10.8,1.1,.1,215,76,3.7,1.9,2.9
93,344,6,23.5,1.3,10.8,99.2,21.6,70.8,.6,11.29,0,17.5,4.9,10,14.7,7.3,10.7,1.1,.4,201,67,4.1,1.8,3.3
93,345,6,23.5,7.1,13.8,93.8,26.3,66.1,.7,7.58,0,17,8.2,11.8,15,9.6,12,1.2,.6,180,54,9.8,1.3,4
93,346,6,17.3,4.5,12.5,79.1,32.2,50.1,.7,11.94,0,15.8,6.7,10.9,14.4,9.4,11.9,3.9,3.4,255,31,12,3.2,1.2
93,347,6,18.4,-1.2,7.5,95.3,24.7,63.2,.5,11.9,0,16.6,3.8,8.5,14,6.6,9.7,1.1,.3,178,69,4.7,1.8,1.3
93,348,6,20.3,-.7,8,97.9,33.4,70,.5,11.05,0,15.9,3.5,8.4,13.6,6.2,9.4,1.4,.7,181,56,4.7,1.6,2
93,349,6,15.6,2.6,8.3,94.6,41.3,67,.4,10.16,0,14.6,4.6,8.3,12.8,6.9,9.3,2.9,1.6,258,53,10.8,2.1,.6
93,350,6,17.2,-1.7,6.5,100,28,73.7,.4,11.61,0,19.5,3,10.9,17.2,5.8,11.7,.7,.2,73,70,2.9,1.5,1
93,351,6,17.3,-2.4,6.5,98.9,29.5,69.3,.4,11.63,0,15.1,3.3,8,13,6.2,9.3,1,.2,190,73,4.1,1.7,.9
93,352,6,20.8,4.3,10.1,93.5,29.5,62.2,.6,10.93,0,16.9,6.3,9.6,14.2,7.8,10.2,1.4,.5,185,64,5,1.8,2.5
93,353,6,15.4,1.3,7.3,94.7,38.3,69.4,.4,7.55,0,13.7,4.5,7.9,12.1,6.8,9,1.3,.7,165,55,4.5,.9,.5
93,354,6,17.8,-1.2,7.5,100,25.7,69.1,.5,11.42,0,14.4,2.8,7.5,12.2,5.4,8.4,1.4,.6,345,64,5.8,1.8,1.2
93,355,6,11.7,1.5,8.2,74.3,41.2,53.4,.5,3.03,0,10.8,4.4,7.9,10.4,7.1,8.9,1.5,.2,173,74,4.8,.5,0
93,356,6,15.7,-3.1,4.8,100,16.8,62.5,.5,11.96,0,18.2,1.7,8.8,17.2,4.4,10.4,1.7,.5,347,67,7.7,2.1,.5
93,357,6,15.5,-4.5,5.3,89.6,16.5,46.7,.6,11.6,0,10.7,2.1,5.4,9.9,4.9,7.2,3.9,2.5,354,48,15.8,3.4,.4
93,358,6,16,-1,6.5,51,15.7,31.6,.8,11.94,0,11.7,1.5,5.1,10,3.9,6.3,2,1.2,358,53,7,2.7,.6
93,359,6,21.2,-2.9,8.6,73.9,14.5,37.5,.9,11.82,0,13.1,1.6,6.1,10.7,3.8,6.8,2.6,1.8,48,47,11.2,3.3,2.2
93,360,6,19.4,-1.1,8.2,72.6,18.3,46.8,.7,8.17,0,12.5,2.4,7,10.7,4.6,7.6,1.3,.4,199,69,3.7,1.4,1.6
93,361,6,20.6,6.1,12.2,84.3,34.4,55.2,.7,7.59,0,15.2,6.9,10.1,12.9,7.8,10,1.2,.3,346,69,5.2,1.4,2.6
93,362,6,21.7,7.2,13.2,78.6,32.2,58,.7,10.87,0,17,8.3,11.4,14.5,9.5,11.4,1.5,.6,316,63,5.9,2.2,3.2
93,363,6,21.8,2.6,11.3,95.1,17,52.9,.8,11.88,0,15.7,5.4,9.5,13.4,7.5,10.1,2.3,1.8,7,37,9.1,3,2.8
93,364,6,21.2,5.2,12.1,72.5,30.2,53.3,.8,11.64,0,16.6,6,9.9,13.9,7.7,10.2,2.6,1.7,32,47,10.4,2.8,2.8
93,365,6,22.5,2.8,11.7,95.4,32.7,62.9,.7,11.61,0,17.9,6.2,10.6,14.8,8,10.8,1.3,.1,68,79,4,2,3
