97,1,6,21.8,8,13.7,100,39.7,78.2,.5,10.2,0,22.1,8.2,13.4,16.7,10.7,13.2,1,.4,188,62,3.3,1.4,3.3
97,2,6,25,7.2,14.6,98.6,35.9,71.2,.6,11.19,0,24.7,8,13.8,18.1,10.8,13.7,1.1,.3,144,70,3,1.9,4.7
97,3,6,22.6,11.4,16.7,86.1,49.6,70.9,.6,5.1,0,18.4,10.5,13.6,15.4,12.4,13.8,2.4,1.3,210,55,8,1,4.4
97,4,6,19.2,5.5,13,100,37,67.6,.6,10.62,0,21.1,6.7,12.7,16.2,10.3,13.2,1.1,.1,228,76,3.3,1.7,2
97,5,6,18.1,8.8,13,76,29.2,54.8,.7,5.61,0,16.3,8.4,11.3,13.5,11.3,12.5,2.4,1.4,239,51,10.1,1.5,1.8
97,6,6,9.8,5.5,7.8,95.1,55,75.7,.3,2.76,1,9.9,6.7,8.4,11.3,9.4,10.4,2.1,.8,309,63,6.5,.1,0
97,7,6,10.6,-1.2,5.9,93.7,35.1,66.2,.3,12.65,0,13.4,2.2,6.8,12.6,7.4,9.5,3,2.4,68,38,9.3,2.1,0
97,8,6,14.2,-4,3.7,100,28,69.2,.4,13.27,0,16,.3,6,12.5,5.1,8.1,1.2,.6,207,58,3.7,1.8,.2
97,9,6,15.8,-3.3,5,97.6,26.9,65.9,.4,13.12,0,16.4,.3,6.5,12.9,4.9,8.3,1,.2,185,74,4.5,1.8,.5
97,10,6,15.9,-2.8,6.4,95.4,29.4,62.2,.5,12.06,0,17.6,.7,7.6,12.6,5.2,8.7,.8,.1,127,73,2.8,1.7,.6
97,11,6,19.1,-1.8,7.7,91.2,25.3,61.2,.6,12.55,0,18.2,1.5,8,13.7,5.9,9.3,1.2,.4,171,67,4.3,2,1.5
97,12,6,16.4,5.5,11.8,88.9,50.7,69.5,.5,7.56,0,18.1,5.1,9.8,11.9,7.7,9.9,3.7,3.4,173,23,10.2,1.5,.9
97,13,6,16.9,9.1,12.6,100,54.1,79.4,.3,9.51,6,17.9,9.6,11.5,13.4,10.6,11.6,6.1,5.8,187,20,14.5,2.2,1.4
97,14,6,14.1,4.8,10.3,99.5,55.2,83.1,.2,7.62,1,16.5,5.8,10.4,12.9,9.6,11.2,2.6,1.6,236,52,10,.9,.2
97,15,6,14,-.3,6.4,100,41.8,82.7,.2,13.41,0,17.2,2.6,8.1,14.2,6.7,9.8,1.1,.2,306,74,4.1,1.7,.2
97,16,6,11.2,1.6,6.3,100,58.7,86.4,.2,4.73,0,12.4,4.3,7.6,10.6,7.3,8.9,.9,.1,180,75,3.8,.1,0
97,17,6,19.1,.4,9.1,100,26.6,65.9,.6,14.2,0,17.1,2.7,8.3,13.7,6.4,9.6,2,1.6,11,39,7,2.8,1.6
97,18,6,22.1,.7,11.2,88.7,21.4,49.4,.8,14.6,0,19.1,2.4,9.2,14.7,6.5,10.1,1.9,1.6,357,34,5.6,3.2,2.8
97,19,6,21.6,1.4,11.4,90.9,22.6,54.5,.8,13.91,0,20.1,3.7,10.2,15.4,7.4,10.9,1.3,.4,49,66,5.1,2.6,2.6
97,20,6,22,5.4,13.1,86.8,28.3,57.4,.8,10.65,0,21.8,6.1,12.2,15.5,9.3,11.8,1.1,.3,284,70,4.4,1.9,3.2
97,21,6,20.1,5.1,12.5,74.8,19.2,48,.8,14.33,0,21.2,6.2,11.5,15.9,9.7,12.3,1.7,1.1,231,49,6.2,3,2.3
97,22,6,15.7,1.8,8.7,85.6,34.5,63.1,.5,8.12,0,17,4.4,9.6,12.9,8.2,10.5,1.2,.2,189,72,3.5,1.1,.6
97,23,6,20.8,6.9,12.5,83.9,29.1,58.2,.7,12.14,0,22,7.9,12,16,9.7,12.1,1.7,.5,265,69,7.5,2.4,2.8
97,24,6,20.7,4.9,12.4,86.1,37.4,63.6,.6,14.58,0,22.4,6.4,12.1,17,9.6,12.6,1.3,.2,179,74,4.6,2.6,2.5
97,25,6,19.7,2.8,11.6,94.9,38.8,68.3,.5,9.95,0,20.6,5.5,11.6,14.6,9.2,11.9,1.2,.1,359,77,3.7,1.5,2
97,26,6,16.6,8.7,12.6,100,73.5,90.8,.1,5.05,1,18.5,9,12.6,14.2,11.9,12.8,1.8,1.3,139,44,7.1,.3,1.2
97,27,6,20.2,3.9,11.5,100,48.6,87.4,.3,14.18,1,21.2,6.8,12.3,17.3,9.9,12.9,1.2,.3,19,70,4.5,2.1,2.3
97,28,6,20.4,3,11.9,100,30.5,70.4,.6,11.06,0,18.5,6,10.8,14.1,9.8,11.9,2.7,2.1,63,38,10.8,2.5,2.3
97,29,6,22.4,3.3,13,94.2,24.1,56.1,.8,15.39,0,26,4.1,12,18.1,8.6,12.6,2.8,2.3,19,34,10.2,3.8,3
97,30,6,23.7,5.4,14.8,71.8,19.2,42.7,1.1,15.79,0,20.1,5,11.3,15.3,9.1,12.2,3,2.3,49,39,9.5,4.4,3.9
97,31,6,25.1,3.6,13.5,83.7,18.9,50.9,1,16.04,0,25.9,4,12.5,17.3,8.4,12.4,1.3,.4,110,68,4.6,3.2,4.2
97,32,6,23.3,6,14.2,78.4,28.9,52,.9,15.52,0,26.4,6.3,13.2,17.5,9.6,13,1.6,.5,144,67,5.9,3.2,3.8
97,33,6,24.2,3.7,13.8,83.9,26.6,53.9,.9,15.84,0,28,4.7,13.5,17.9,9.1,13.1,1.5,.9,288,50,5.6,3.3,3.9
97,34,6,22.4,3.7,13,89.2,23.4,54.2,.8,16.45,0,28.6,4.6,13.6,18.3,9.3,13.2,1.4,.2,277,74,4.8,3.2,3.2
97,35,6,21.9,3,12,88,24.2,53.8,.8,13.24,0,26.5,4.5,12.4,16.7,9,12.5,1.3,.1,180,77,4.5,2.5,2.8
97,36,6,23,1.7,12.7,91.8,14.9,45.5,1,16.59,0,29.5,3.7,13.5,18,8.8,13,2.2,.9,253,62,8.3,3.9,3.2
97,37,6,15.3,1.5,9.4,67.1,11.7,36.5,.8,17.48,0,22.8,3.2,10.7,15.7,9,11.8,3.6,2.5,264,44,12.4,4.7,.5
97,38,6,18.2,-3.4,7.1,68.6,16,39.4,.7,17.31,0,25.7,-.2,10.2,17.1,6.1,11,1.7,.6,320,65,6.4,3.4,1.2
97,39,6,20.8,-.4,10.6,87.7,12.4,39.2,.9,15.54,0,22.9,2.6,10.8,15.6,7.9,11.6,1.3,.9,207,42,3.4,3.1,2.2
97,40,6,20.6,2.3,10.6,70.6,13.7,36.6,.9,17.57,0,23.8,2.1,10.8,16.3,7.4,11.5,1.6,.8,162,55,4.9,3.5,2.3
97,41,6,24.5,-1.1,10.9,80,10.4,39.4,1,17.75,0,25.7,1.4,11.1,16.5,6.8,11.3,1.2,.4,194,66,4.2,3.6,3.6
97,42,6,18,6,11.3,87.1,29.7,51.9,.7,10.06,0,21,5.4,10.5,14.5,8.9,11.2,2.1,1.4,173,46,6.7,1.9,1.6
97,43,6,21.4,.9,10.8,100,28.5,64.7,.6,15.34,0,25.8,3,11.8,16.3,7.5,11.6,1.4,.4,145,70,4.9,2.7,2.5
97,44,6,18.2,4.1,11.8,76.5,11.7,35.1,1,18.24,0,25.6,5.3,12.4,16.6,9.3,12.3,3.6,2.8,325,38,13.5,4.7,1.5
97,45,6,21.3,-.8,10.1,72.3,9.3,34.5,1,18.52,0,27.6,1.7,11.6,16.9,7,11.5,1.8,.8,352,60,6,4.2,2.3
97,46,6,25.2,-.4,12.2,72.1,12.2,35.4,1.2,18.28,0,29.8,2.3,13,17.8,7.4,12.2,1.5,.4,360,68,6,4.1,3.8
97,47,6,27.1,4.2,15.2,73.1,10.3,36.1,1.4,14.92,0,29.7,5.8,14.1,17.4,9.5,13.2,2.1,1.3,76,51,7.8,4.1,5.3
97,48,6,27.6,8.5,16.9,65,11.7,33.2,1.5,12.3,0,28.1,9.2,15.3,18.1,11.5,14.3,2,1.4,191,46,8.8,3.4,6.2
97,49,6,20.5,5.2,13.9,67.1,24.8,38.7,1,18.71,0,30.1,6,14.4,19,10.4,14.2,2.6,1.9,261,43,8.7,4.4,2.4
97,50,6,24.1,3.4,13.2,77,11.9,40.2,1.1,18.73,0,26.8,4.7,12.9,18,9.3,13.3,1.6,.7,211,61,5.2,4.1,3.8
97,51,6,24.3,2.3,14.8,66.1,10.8,30.1,1.4,18.99,0,25.4,4.1,12.2,16.5,8.6,12.4,2.9,1.8,291,51,11.6,5.3,3.8
97,52,6,19.2,3.7,12.8,52.4,8.2,19.4,1.3,19.93,0,26.3,3.9,11.9,16.8,8.4,12.1,3.5,2.9,340,34,9.2,5.6,1.9
97,53,6,21.7,-2,9.8,62.6,7.2,28.6,1.1,19.56,0,28,1.2,11.5,17.2,6.9,11.6,1.6,.6,224,65,5.4,4.2,2.5
97,54,6,22,-.7,11,48.9,10.6,27,1.1,19.89,0,29,2.4,12.7,18.1,7.6,12.3,1.5,.2,229,75,5,4.3,2.7
97,55,6,20,.5,10.3,65.3,15.8,36,1,20.1,0,28.2,2.9,12.6,17.7,8,12.5,2.1,1.4,234,46,8.1,4.5,1.9
97,56,6,17,4.4,10.2,66.8,26.2,46.1,.7,12.35,0,22.2,5.9,11.7,15.3,9.8,12.2,2.2,.8,156,65,12.4,2.6,1.1
97,57,6,18,3.7,10,74.1,24.3,48.4,.7,12.21,0,16.3,7.2,11.4,14.8,9,11.8,2,1.4,157,45,5.6,2.2,1.4
97,58,6,14.3,3.7,9.8,91.2,40.8,63.6,.4,4.07,1,11.7,7.5,9.7,11.4,8.9,10.3,4.5,4.2,180,21,13.7,1.1,.2
97,59,6,16.1,6.3,10.1,99.7,44.9,79.8,.3,12.27,3,17.7,9,11.7,15,9.9,11.8,3.4,1.6,268,58,11.2,2,.9
97,60,6,16,.6,8,100,21.9,74.3,.4,20.66,0,21.1,5.8,12.1,17.3,7.7,12,1.2,.4,305,65,5.5,3.2,.6
97,61,6,19.9,-.3,9.6,100,26.2,65.3,.6,21.48,0,22.8,5.4,13.1,18.7,7.6,12.7,1.1,.2,82,73,3.9,3.6,1.9
97,62,6,24.2,1,12.3,97.2,17.7,57.4,.9,21.79,0,24,6.7,14.3,19.8,8.7,13.8,.9,.2,192,70,4.1,4.1,3.6
97,63,6,23.3,6.6,14.6,77.7,14.1,39.9,1.2,21.54,0,23.6,9.8,15.6,20.1,11.2,15.1,2,1.3,271,48,7.7,5.1,3.8
97,64,6,23.8,1,13.7,78,8.2,29.9,1.3,22.64,0,23.1,7.9,14.8,19.6,10.1,14.6,2.1,1.7,5,38,7.1,5.5,3.5
97,65,6,27.1,3.5,15.4,68.8,8.4,32.2,1.5,22.29,0,24.9,8.2,15.5,20.9,10.2,15.1,1.6,.8,7,58,7.1,5.3,5.1
97,66,6,27.6,3,15,79.2,10.3,37.2,1.4,20.67,0,25.2,8.6,16,21,10.7,15.6,1,.4,203,65,4,4.4,5.2
97,67,6,28.4,4.1,16.1,74.1,7.7,35,1.5,22.49,0,26.5,9.5,16.9,22.2,11.6,16.4,1.2,.3,316,69,4.2,5.1,5.7
97,68,6,31.7,3.8,17.8,73.9,6.8,30.1,1.9,23.1,0,27.2,9.7,17.5,22.7,11.8,16.9,1.5,.6,356,62,5.8,5.8,7.1
97,69,6,31.7,7,20.5,59.2,7.5,21.4,2.2,23.31,0,29.4,11.2,18.6,26,13.2,18.5,2.3,1.9,21,36,7.1,6.9,7.5
97,70,6,33.5,6.9,20.2,62.1,10.6,30,2,22.77,0,27.1,10.3,17.8,22.6,12.8,17.5,1.3,.3,54,71,5.4,5.7,8.1
97,71,6,32,11.7,20.6,56.5,8.5,29.7,1.9,19.97,0,26.8,12.4,17.5,22.3,14.1,17.5,1.6,.5,212,67,5.9,5.2,9
97,72,6,30.5,6,18.7,61.4,7.4,26.3,1.9,21.05,0,25.7,9.2,16.8,21.8,12.1,16.8,1.5,.7,228,58,5.8,5.3,7
97,73,6,31.5,6.5,18.8,61.6,4.8,27.3,1.9,23.33,0,29,10.2,18.3,23.8,12.8,17.8,1.4,.5,235,66,8.2,5.9,7.5
97,74,6,32.5,7.1,20,52.4,7.6,25.8,2.1,23.76,0,30.2,11.2,19.4,24.8,13.5,18.7,1.7,.5,185,67,5.7,6.3,7.9
97,75,6,31.8,10.2,21.4,49.7,8.2,24.9,2.2,23.35,0,29.2,12.5,20,24.6,14.6,19.3,2.6,1.5,201,53,9.4,7,8.4
97,76,6,28,11.6,20,54.2,12.3,27.2,1.8,17.91,0,28.2,15.7,20,24,16.8,19.6,1.5,.5,166,67,4.5,4.5,7.2
97,77,6,31,6.4,18.8,75.3,8.2,33.2,1.9,24.57,0,28.9,11.4,19.3,24.4,13.9,18.8,1.6,.5,316,67,8.1,6.3,7.3
97,78,6,33.3,8.2,20.7,77.5,8,30.6,2.1,24.55,0,29.9,12.2,20,25.1,14.4,19.4,1.8,.8,51,60,8.1,6.6,8.4
97,79,6,35.2,8.7,21.5,69.4,7.2,31.6,2.3,24.67,0,31.7,12.8,20.9,26.3,14.9,20.1,1.3,.3,340,72,5.3,6.3,8.9
97,80,6,34.5,11,21.9,56.9,5.7,29.2,2.3,25.09,0,32.2,13.5,21.4,26.8,15.6,20.6,1.5,.6,231,64,6.7,6.6,9.4
97,81,6,33.8,10.8,21.8,59,5.6,24.2,2.3,23.63,0,31.2,14.3,21.4,26.2,16.2,20.8,1.8,.7,204,62,7.2,6.5,9.2
97,82,6,28.3,11.8,20,59.1,9.5,29,1.9,25.22,0,29.5,14,20.7,25.4,16,20.3,3,1.7,240,52,9.4,7.4,7.4
97,83,6,28.1,10.1,19.9,58.9,15.5,33.4,1.7,24.08,0,30.4,13.6,20.8,25.6,15.6,20.2,2.8,1.9,228,45,7.8,6.7,6.8
97,84,6,24.1,13.5,18.5,35.6,9.6,19.2,1.8,26.12,0,27.4,14.4,19.9,23.8,16.4,19.8,4.3,3.9,17,26,11.6,8.1,6
97,85,6,23.9,9.7,17.2,56.2,19.7,34.3,1.4,25.61,0,28.1,12.1,19.2,23.8,14.6,18.9,3.3,2.8,74,30,9.1,6.9,4.7
97,86,6,29,5.9,17.8,84.1,10.2,40.2,1.6,25.43,0,30.6,11.8,20.1,25.4,14.3,19.5,1.2,.5,218,62,6.6,5.9,6.3
97,87,6,30.2,7.7,19.5,55.5,9.3,27.7,1.9,25.52,0,30.8,12.6,20.7,25.8,14.9,20,1.9,.8,217,62,5.4,6.6,7.1
97,88,6,28.6,7,18.9,73.6,10.1,31,1.8,25.81,0,31.6,12.8,21,26,15.3,20.4,1.3,.1,231,78,5.1,6.2,6.3
97,89,6,30,9.2,20.3,70.5,13.5,37.7,1.7,25.46,0,32.3,13.4,22,26.8,15.8,21,1.8,1.1,195,51,9.3,6.3,7.5
97,90,6,27.8,15.9,21.2,78.8,26.2,48.9,1.4,21.69,0,32.2,18.1,23.4,27.1,18.9,22.4,2.1,1.1,176,56,7,5.3,9.1
97,91,6,25.8,10.7,18.4,75.3,17.8,43.3,1.3,25.01,0,29.7,14.9,21.4,25.7,17.2,21.2,3.5,2.7,220,40,11.3,6.9,5.8
97,92,6,19.1,8.5,14.2,96.2,29.4,52.2,.8,17.54,1,24.8,14.7,18.6,21.9,16.7,19.2,3.9,2.4,217,51,11.2,4.3,2.2
97,93,6,12.8,8.2,9.8,100,57.7,87,.2,8.71,7,18.9,10.9,14.3,17.4,13.4,15.7,2.4,1.1,192,59,8.1,.9,0
97,94,6,17.2,5.6,11.4,100,40.6,72.1,.5,19.53,0,22.7,8.7,15,19.7,11.3,15.2,2,1.5,175,42,6,3.2,1.2
97,95,6,21.2,8.2,15,89.4,30.6,57.6,.8,17.64,0,24.8,10.2,16.3,20.7,12.7,16.3,2.8,2,214,45,9.2,3.9,3.1
97,96,6,23.9,8.2,16.2,87.9,22,54.4,1,26.91,0,31,11.1,19.7,25.3,13.3,18.8,1.3,.3,192,71,5,5.5,4.4
97,97,6,26.2,7.4,17.2,90.9,16.5,49.5,1.2,27.14,0,30.2,12,19.5,26,14.6,19.8,1.4,.2,264,74,6.3,6,5.2
97,98,6,29.6,9,19.6,81.9,11.3,37.9,1.7,27.21,0,27.6,13,19.1,23.9,15.5,19.4,1.8,.9,203,56,7,6.7,7.3
97,99,6,28.8,10.7,20.3,54.8,5.2,25.2,2,27.08,0,23.9,11.9,17.6,21.8,14.5,18,3.6,3,226,32,12.3,8.5,7.3
97,100,6,23.7,11.3,17.2,57.5,15.1,29.2,1.5,27.72,0,27.2,12.5,18.7,23.3,14.7,18.6,3.5,3.1,262,28,11.6,7.6,4.9
97,101,6,24.4,7.6,16.7,72.7,11.4,34.3,1.4,26.57,0,28.1,12.3,19.2,23.8,14.7,19,2.3,1.2,230,56,8.9,6.5,4.5
97,102,6,25.4,5.3,16.4,77.6,11.4,32.5,1.5,28.31,0,28.8,11.8,19.5,24.4,14.6,19.2,2.3,1.5,280,48,12.1,7.2,4.6
97,103,6,24.8,7,16.4,50.7,9,26,1.5,28.76,0,30.1,12.4,19.9,24.9,15,19.4,2.1,1.1,345,55,6.6,6.9,4.6
97,104,6,27.2,4.8,16.9,61.1,7.3,28.6,1.7,27.51,0,30.8,11.8,20,25.3,14.6,19.6,1.2,.2,226,76,5.8,6.3,5.3
97,105,6,30.7,6.7,19.2,63.3,5.7,27.5,2,29.23,0,32.2,12.4,21.2,27.3,15.1,20.6,1.2,.5,188,63,6.9,7,7.3
97,106,6,33.2,8.1,21.3,60.2,6,24.9,2.3,29.14,0,33.4,13.1,22.3,28.4,15.6,21.6,1.3,.2,324,74,5.2,7.4,8.2
97,107,6,31,11.9,21.8,73.6,11.2,35.1,1.9,20.94,0,30,15.3,21.7,25.9,17.3,21.3,3.8,2.7,144,44,16.2,6.8,8.8
97,108,6,32.3,14.2,22.7,83.6,14.1,46.1,1.8,27.92,0,33.4,17,23.5,30.3,18.3,23.4,1.3,.2,183,74,7.6,6.6,10.1
97,109,6,33.8,15.1,24.6,59.1,9,25,2.6,27.52,0,28.4,15.3,20.6,25.1,17.6,21.1,2.6,1.8,240,45,9.6,8.2,11
97,110,6,33.6,15.4,24.2,56.8,13.6,33.2,2.3,26.13,0,30.5,14.6,21.7,27.1,16.7,21.5,2,1.2,211,52,6.6,7.1,11
97,111,6,34.9,17.3,26.9,52.3,13.6,26.5,2.9,26.99,0,32,17.4,24,28.5,18.9,23.4,3.2,2.2,230,44,8.4,8.7,12.2
97,112,6,35.3,16.7,25.7,51.7,9.7,28.3,2.7,27.5,0,34.8,18.2,25.1,30.4,19.8,24.6,1.8,1,232,55,6.4,7.6,12
97,113,6,33.2,18.4,26.3,57.9,9.8,28.4,2.6,25.17,0,32.3,19.7,24.9,29,20.8,24.4,4.8,4,242,32,14,9.5,12.4
97,114,6,25.3,14.2,21.2,36.9,6.4,16.8,2.2,28.8,0,29.1,18.2,23,26.5,20.1,23.2,4.9,4,292,34,14.5,9.8,7
97,115,6,26.3,10.2,18.7,52.8,12.2,29,1.7,25.63,0,28.4,15.5,20.2,25,17.7,20.9,3.2,2.9,12,25,10.3,7.2,5.9
97,116,6,29,10.6,20.1,48,14.4,29,1.8,29.53,0,28.8,12.8,19.4,24.6,15.3,19.6,2,.4,134,72,6.4,7.4,7.3
97,117,6,34,11.7,23.7,55,10.5,26,2.5,29.1,0,29.3,14.2,20.4,25.4,16.1,20.3,2.1,1,235,58,7,8.1,9.4
97,118,6,33.7,14.6,24.3,43.4,9.6,23.7,2.6,28.48,0,28.3,15,21.1,24.9,16.9,20.8,2.2,1.2,207,53,6.5,8,10.7
97,119,6,31.9,15.2,23.9,38.3,11.9,23.7,2.4,25.84,0,26.6,16.9,21.6,24.2,19,21.5,2.9,1.7,228,53,9.8,7.9,10.5
97,120,6,33,16.5,24.7,46.8,11,24.6,2.6,29.77,0,30,18,23.6,26.5,19.7,22.8,2.1,1.1,197,57,7.4,8.2,11.4
97,121,6,32,14.9,24.4,55,8.4,27.3,2.4,29.54,0,28.2,18.4,23.2,25.5,20.2,22.9,3.3,2.3,240,44,11.1,9,10.4
97,122,6,32.7,10.1,22.7,52.1,5.1,20.9,2.5,29.61,0,30.4,17.1,23.3,26.5,19.5,22.8,1.3,.2,174,76,8.1,7.6,8.6
97,123,6,35.6,11.7,25,39.9,6.8,19.8,2.9,27.01,0,30.5,17.9,23.9,26.6,20,23.2,1.5,.2,301,76,5,7.4,9.9
97,124,6,36.8,16.2,27.7,52.4,8.9,24.9,3.1,26.57,0,31.7,19.9,25.4,27.7,21.4,24.4,1.6,.8,222,58,4.8,7.4,12
97,125,6,39.1,17.2,28.3,45,8.5,22.5,3.4,30.87,0,33.4,19.9,26.2,29,21.6,25.1,1.7,.8,204,58,6.4,8.8,12.8
97,126,6,38.6,17.8,29,41.2,7.7,18.7,3.6,28.78,0,33.3,20.6,26.6,29.1,22.3,25.6,2,1.2,221,53,7.7,8.6,13
97,127,6,38.8,20.1,30.4,46.1,7.7,17.2,3.8,30.68,0,38.3,20.8,27.1,36.9,23.4,28.1,2.5,1.8,240,44,8.6,9.8,14
97,128,6,37.7,18,28.6,43.6,8.7,19.4,3.5,30.74,0,33,16.9,23.9,29,20.5,24.5,2.1,.9,188,60,7.3,9.1,12.9
97,129,6,38.2,17.9,28.8,48.2,6.7,18.8,3.6,30.99,0,36.8,16.8,25.7,30.7,20,25,2,.7,172,65,5.8,9.2,13
97,130,6,37.4,20.2,28.7,48.6,10.8,28.2,3,27.1,0,39.1,19.9,27.6,32.7,22.1,26.7,3.6,2.5,93,45,16.2,9,13.8
97,131,6,35.9,21,28.2,53.4,11.6,29.9,2.9,26.85,0,38.4,21.7,28.8,32.8,23.3,27.8,2,.5,43,70,12.1,7.7,14
97,132,6,37,19.8,28.9,57.5,9.3,25.9,3.2,29.4,0,39.6,22.2,29.8,34.1,24.1,28.7,1.8,.7,220,62,7.5,8.4,13.6
97,133,6,37.9,18.9,29.5,49,11.9,23.9,3.4,29.84,0,39.1,21.7,29.7,33.8,24,28.7,3,1.9,226,49,8.2,9.7,13.4
97,134,6,38.2,19.5,30,42.6,11.9,22.7,3.5,29.64,0,35,22.3,27.8,34.2,24.5,28.7,2.6,1.6,236,50,7.5,9.3,13.6
97,135,6,39.4,21.2,30.7,48.6,8.7,22.8,3.7,30.02,0,33.6,20,25.4,29.9,23.2,26.2,2.3,1.2,266,56,7.2,9.3,14.5
97,136,6,40.8,22.9,32.6,35.2,7.4,18.7,4.3,30.09,0,38.9,19.1,28.1,32.9,21.8,27.1,2.5,.6,172,70,9.6,9.7,15.3
97,137,6,40.2,23.7,32.6,45.5,9.5,22.9,4,28.88,0,40.9,23,31,35.3,24.8,29.8,2.6,.7,154,69,12.2,9.3,15.5
97,138,6,38.8,23.1,31.1,75.4,12.8,31.5,3.4,26.59,2,40.4,24.8,31,34.9,26.4,30.3,3.3,.4,16,76,9.6,8.8,15.2
97,139,6,37.1,19.6,28.1,86.6,11.7,42.1,2.6,28.66,0,40,21.9,29.7,34.7,24.4,29.2,2.1,.8,205,64,7.2,7.9,13.6
97,140,6,32.4,17.9,23.9,89.1,20.8,53.3,1.5,16.16,11,34.8,19.9,25.3,30.1,22.7,26.3,2.3,1.4,87,50,15.8,4.3,12
97,141,6,34.5,14.6,24.4,100,13.4,53.2,1.9,31.32,0,33.7,17.7,25,30.1,20.5,25,1.2,.5,258,63,5.6,7.5,10.9
97,142,6,35.9,15.1,26.4,81.3,9.1,33.3,2.7,31.68,0,39.1,17.7,27.3,33.4,20.8,26.8,1.5,.8,240,56,6,8.4,11.4
97,143,6,35.5,18,27.7,58,12.4,28.6,2.9,27.16,0,37.3,20.2,25.6,32.4,22.9,26.5,2.4,1.5,228,51,7.8,8.1,12.6
97,144,6,33.5,17.4,26.1,53.6,20.3,32.6,2.4,31.22,0,28.5,17.4,22.7,26.5,20.6,23.6,3.5,2.4,229,46,11.4,9.7,12
97,145,6,33.3,18.6,25.8,58,18.3,37,2.3,30.62,0,36.7,17.6,26.2,31.3,20.2,25.4,2.6,1.8,226,46,8.4,8.6,12.5
97,146,6,33.9,15.8,25.7,62.4,10.1,31.4,2.6,30.58,0,39.3,19,27.9,33.4,21.8,27.2,1.5,.6,195,64,5.4,7.9,11.3
97,147,6,37.4,16.6,27.1,50.4,7.1,25.7,3.1,31.53,0,40.5,19.3,28.9,34.4,22.3,28.1,1.7,.8,207,60,6.6,8.8,12.3
97,148,6,38.5,15.1,28.2,56.2,7.1,23.3,3.4,27.72,0,39.2,20,28.8,33.7,23.1,28.3,1.2,.6,201,57,5,7.5,11.8
97,149,6,41,20,30.3,41.7,7.1,19.8,3.9,31.45,0,37.3,20.8,27.4,34.2,23.5,28,2,.8,204,62,6.6,9.5,14.2
97,150,6,41.6,22.5,32.1,39.8,8.1,19.2,4.3,31.8,0,34.6,18.2,26.4,30.9,21.9,26.4,2,1,179,56,5.7,9.6,15.1
97,151,6,42,21,31.3,38,5.9,17.9,4.2,32.94,0,41.6,19.4,29.5,35.2,22.1,28.4,1.9,.8,200,61,6.2,9.8,14.7
97,152,6,41,19.8,30.7,43.8,6,16.4,4.1,32.9,0,42.4,20.8,30.7,36.2,23.6,29.7,2.2,1.2,216,53,7.9,10.1,14
97,153,6,40.8,19.9,30.8,37.5,7.4,18.8,4,32.82,0,39.2,22.1,28.4,34.9,24.7,29.1,2.3,1,187,60,6.4,10.1,14
97,154,6,40.2,19,30,39.3,4.7,18.3,3.8,32.47,0,34.3,18.3,25.6,30.7,22,26.2,2.3,1.4,194,51,6.6,9.7,13.7
97,155,6,39.8,18.5,29.5,47.5,7.2,22,3.6,31.99,0,40.8,18.5,28.8,34.6,21.6,27.8,1.7,.9,195,57,4.7,9,13.4
97,156,6,36.7,20.4,28.5,44.4,12.2,23.7,3.1,26.23,0,37.7,21.3,28.7,33,23.9,28.5,3.1,2.5,192,36,8.4,8.6,13.9
97,157,6,30,19.5,25,64,15.7,35.6,2.1,30.39,0,36,22.3,28.3,32.2,24.4,28.1,3.4,2.1,206,50,13.2,9,12
97,158,6,29,17.7,23.3,73.6,22.3,42.7,1.7,29.51,0,38.2,21.3,28.2,32.9,23.6,27.9,2.3,1.7,232,41,10.8,7.5,10.6
97,159,6,33,14,24.6,69.6,19.3,37.2,2.2,31.37,0,40.1,19.9,29.2,34.3,22.9,28.4,1.3,.2,245,74,5.5,7.8,10.2
97,160,6,36.6,17.4,28.2,62.8,15,31.5,2.9,31.58,0,42.4,21.7,31.1,35.9,24.3,29.8,1.8,.6,222,65,5.7,8.6,12.6
97,161,6,37.7,19,29.4,42.7,7.9,22.3,3.4,32.7,0,43.1,22.4,31.6,36.3,25.2,30.5,2.2,1.3,214,53,7.8,9.6,13.4
97,162,6,38.3,19.5,29,50.7,12.4,26,3.3,31.76,0,42.8,22.7,29.2,36.4,25.4,29.8,1.9,1.2,202,51,7.5,9.1,13.7
97,163,6,36,21.3,28.7,63.5,17.9,34.9,2.7,29.14,0,32,21,25.4,29.8,24.2,26.6,3,2.2,215,41,9,8.9,14.2
97,164,6,33.2,19.3,26.6,67.1,13.9,35.3,2.4,31.33,0,35.9,19.2,26.6,31.5,22.1,26.4,4.6,4.1,192,26,13.5,10.4,12.8
97,165,6,32.8,16.5,25.2,64,10.8,30.7,2.4,32.91,0,37.3,19.7,27.8,32.7,22.6,27.5,3.3,2.5,194,40,11.2,9.8,11.4
97,166,6,31.8,15.8,23.9,63.2,18.8,31.3,2.2,30.99,0,39.6,19.3,28.3,33.6,22.6,27.8,2.4,.2,5,78,9,8.3,10.8
97,167,6,35.3,15.5,25.8,78.2,15,39.5,2.4,32.11,0,41,20.8,30,34.9,23.7,29,1.4,.1,172,78,8.4,8.1,11.4
97,168,6,39.6,18.1,29.2,57.6,9.5,29.4,3.3,32.29,0,42.9,22,31.7,35.8,24.7,30.1,1.5,1.2,180,39,5.7,8.9,13.2
97,169,6,41.3,21.4,32.5,49.8,8.8,22.2,4.2,32.08,0,37.7,24.1,29.7,33.8,26.7,30,2.2,1.1,209,57,5.8,9.7,14.7
97,170,6,41.8,20.7,32.4,41.5,6.5,17.6,4.4,32.88,0,34.3,20.4,26.7,30.7,24,27.3,2,1,216,58,5.9,10,14.5
97,171,6,40.4,20.6,30.5,46.2,6.6,21.8,3.8,33.17,0,38.4,20,27.8,33.8,23.4,28,1.9,1.2,194,48,5.6,9.7,14.4
97,172,6,40,21.7,31,41,6.3,15.4,4.1,33.14,0,34.1,19.5,26.6,30.4,23.3,27,1.9,1.4,174,41,6.7,9.8,14.7
97,173,6,39.4,18.9,30.4,45.3,8.4,18.4,3.8,33.19,0,36.5,19.2,27.1,30.3,22.9,26.6,2.3,1.4,187,52,6.4,10.1,13.5
97,174,6,38.8,18.9,29.2,51.1,6.4,21.7,3.5,32.99,0,35.7,21.4,27,30.9,24,27.2,2.3,1.2,210,56,7.3,9.9,13.5
97,175,6,40.4,17.4,29.3,52.4,5.2,19.7,3.7,33.39,0,34.2,18.8,25.8,30,22.5,26.1,1.8,1,194,55,4.8,9.5,13
97,176,6,40.6,19.4,30.7,44,5,18.8,4,33.07,0,36.4,19.6,27.1,32.4,22.9,27.2,2.3,1.4,188,51,7.2,10.1,13.9
97,177,6,40.3,19.4,30.6,45.6,6.7,19,3.9,32.54,0,33.4,20.2,26.2,30,23.4,26.7,2.1,1.6,194,41,7.6,9.8,13.8
97,178,6,41,19.8,31.2,45.4,6.2,16.2,4.2,32.86,0,37.2,19.8,26.9,32,23.1,27.2,2.2,1.4,222,47,6.8,10.1,14
97,179,6,39.5,20.2,30.5,42.6,6,18.7,3.9,29.45,0,31.5,20.5,25.5,28.7,23.5,26,2.2,1.3,242,51,6.8,9.2,14.1
97,180,6,39.8,18.3,29.7,66.6,6.5,22.3,3.7,32.68,0,36.6,20.2,27.6,30.6,23,26.7,1.6,1,237,52,6,9.4,13.3
97,181,6,39.6,17.4,28.9,61,6,21,3.6,33.45,0,35.9,20.5,27.6,31.7,23.6,27.5,1.9,1.1,191,50,5.9,9.6,12.9
97,182,6,41.3,15,29.2,63.9,4.4,22.8,3.7,33.69,0,34.8,20.1,26.7,30.4,23.4,26.8,1.4,.5,185,66,4.4,9.4,12.1
97,183,6,42.6,16.8,30.7,57.6,3.9,21.4,4.1,30.48,0,36.7,20.3,27.9,30.8,23.4,27,1.4,.4,245,68,7.2,8.8,13
97,184,6,43.6,20.7,32.8,55.8,4.2,21,4.5,31.75,0,35.1,22.7,28.3,31.3,24.9,28,2,1.5,238,43,6.5,9.9,14.6
97,185,6,42.7,23.5,33.9,58.4,7.3,22.4,4.4,31.85,0,35.1,21.5,27.5,30.8,24,27.2,2.3,1.4,242,50,7,10,15.6
97,186,6,42.6,24.2,33.8,61.2,12,30.4,4,31.56,0,39.6,22.8,30.4,32.9,24.9,28.8,2,1.1,180,55,6.1,9.4,15.9
97,187,6,43,24.9,33.7,49.7,8.9,24.8,4.3,31.74,0,40.6,24.4,31.6,33.5,26.4,29.8,2.6,1.5,218,52,9.1,10.3,16
97,188,6,42.5,23.1,32.6,57.2,8.7,29.4,3.9,31.06,0,37.4,24.9,30.1,33.6,27,30,1.9,.9,230,58,8.4,9.3,15.4
97,189,6,42.2,19,31.9,62.1,7.4,23.4,4.1,32.12,0,35.4,22.1,27.7,31.5,25.1,28,2,1.4,214,45,6.7,9.7,13.9
97,190,6,40.2,21,28.9,80.9,16.6,42.3,2.6,27.17,2,36.8,22.5,27.8,32.6,24.9,28,2.6,1.1,118,62,13,7.9,14.5
97,191,6,39.2,19.6,28.3,97.7,13.5,53.2,2.3,29.3,3,36.1,22,27.8,32,24.6,27.9,2.1,1.5,149,44,10.1,7.8,13.8
97,192,6,36.9,19.6,28.4,79,15.6,43.4,2.5,31.34,0,35.4,22,27.4,31.8,24.7,27.6,2.8,2.4,170,31,8.3,9.1,13.5
97,193,6,38.4,19.4,29,57.1,7.1,29.6,3.1,32.58,0,34.5,20.6,26.8,30.4,23.8,27,2.3,2,176,32,6.2,9.5,13.7
97,194,6,40.4,17.9,30.1,57.3,8.2,25.8,3.6,32.63,0,37.2,20.6,28.4,31.6,23.8,27.5,1.4,.3,238,73,5.2,9,13.2
97,195,6,42.9,19.6,32.2,53,7.2,20.1,4.3,31.75,0,36.8,22.3,28.6,32.4,24.8,28.4,1.8,1.1,226,50,4.9,9.4,14.1
97,196,6,44.7,21.9,34.2,48.6,8.1,21.9,4.6,31.37,0,35.8,21.5,28.4,32,24.5,28.2,1.7,1,211,52,5.8,9.4,15.1
97,197,6,43.4,23.9,33.8,45.8,8.9,23.5,4.4,30.94,0,38.8,23.2,30.1,33,25.4,29,2.5,1.6,208,50,7.7,10.1,15.7
97,198,6,43,23.4,33.8,62.3,9.3,29.8,4.2,30.5,0,40.8,25,32.1,34.8,26.6,30.6,2.2,1.3,218,50,11,9.5,15.6
97,199,6,41.2,25.5,33.7,62.5,14.4,32.6,3.8,30.08,0,39.9,26.7,31.5,35.9,28.1,31.4,2.2,1,195,59,6.2,9,16.2
97,200,6,40.5,26.2,32,58.2,19.2,37.6,3.1,25.5,0,36,24.8,29.3,33,27.3,29.8,2.2,1.2,141,55,10.4,7.6,16.4
97,201,6,36.2,23.5,31,69.7,17.3,39.7,2.8,18.89,0,33.8,24.5,28.8,30.9,26.8,28.9,1.6,1.2,161,44,5.4,5.5,15.1
97,202,6,33.9,24.7,28.4,86,34.5,60,1.6,15.35,0,34.2,25.4,27.8,31,27,28.4,3.3,2.2,195,47,8.5,4.5,15.4
97,203,6,36.6,21.8,29,95.1,27.9,61.1,1.8,28.96,0,35.7,24.2,29,32.4,25.8,28.8,1.6,.5,247,68,7,7.3,14.5
97,204,6,40,21.8,31.5,82.4,15.3,42.5,3,30.27,0,39.7,24.2,31.1,34.3,26.4,30.1,1.2,.1,304,77,4.6,8.1,14.8
97,205,6,42.2,21.9,33,79.9,13.5,35.7,3.7,30.12,0,41.9,25.3,32.6,35.9,27.3,31.3,1.5,.5,265,66,8.9,8.6,15
97,206,6,42.8,22.1,33.2,73.4,12.5,35.1,3.8,29.74,0,41.2,25.8,31.9,37.7,28,32.1,1.5,.5,200,65,6.7,8.6,15.1
97,207,6,40.1,26.1,32.4,60.9,14,34.2,3.4,23.96,0,35.9,24.9,29,32.5,27.6,29.8,2.4,1.4,212,52,8.5,7.6,16.3
97,208,6,38.6,23.4,31.1,77.8,19.4,44.1,2.7,21.56,0,37.2,25,30,32.9,26.9,29.6,2,.7,178,66,8,6.3,15.3
97,209,6,39.1,23.5,31.6,80.9,23.7,42.4,3,28.43,0,41.8,25.3,32.3,35.9,27.1,31.1,1.9,1,216,57,7.1,8,15.4
97,210,6,38.8,23,31.1,77.6,18.3,39.2,3,24.25,0,38.9,26.4,32.2,34.8,28.2,31.5,2.3,1.4,155,51,9.6,7,15.1
97,211,6,37.6,22.1,29.5,98,21.9,58.2,2.1,29.19,3,40.3,25.6,31.9,35.3,27.7,31.3,1.4,.8,191,55,5.6,7.3,14.7
97,212,6,41.5,22.4,32.3,80.2,12.7,40.7,3.3,29.78,0,42.7,26,32,38.6,28.1,32.4,1.3,.1,351,77,8.7,8.2,15.1
97,213,6,43,23.6,33.1,70.6,14.5,41.8,3.3,28.82,0,38.1,25.2,30.8,34.4,28,31,3,1.9,109,49,14.8,8.9,15.6
97,214,6,40,26.5,32,69.2,25.7,50.8,2.5,20.37,0,39.2,26.4,31.7,34.7,28,31,2.2,1.5,96,43,8.3,5.9,16.4
97,215,6,33.5,24.4,28.7,99.8,47.2,72.5,1.2,18.05,4,32.6,27.2,29.6,31.4,28.7,30,2.3,2,13,32,7.1,4.4,15.2
97,216,6,39.7,24.3,31.8,98.3,30.2,62.1,2.1,28.19,0,42,26.5,33.4,36.5,27.9,31.8,1.3,.6,181,60,9.2,7.2,15.7
97,217,6,43.3,25.6,33.3,87.3,13.2,50.6,2.9,27.33,0,43.9,28.4,34.8,38.2,29.8,33.5,1.8,.7,62,65,11.4,7.9,16.3
97,218,6,39.3,25.5,32.1,76.2,24.8,49.2,2.6,25.39,0,42.3,28.7,34.4,37.6,30.3,33.6,1.7,.7,192,61,6.8,6.9,16.1
97,219,6,40.4,24.5,33,78.9,25.4,49.5,2.9,27.2,0,43,28.6,34.6,37.9,30.1,33.6,2.2,1.7,226,39,6,7.9,15.8
97,220,6,41.1,21.3,31.4,100,24.4,59.3,2.4,28.11,0,43.8,27,34.4,38.6,30.3,34,3.1,1.5,179,58,18.4,7.9,14.6
97,221,6,33.3,22.3,26.9,100,48.4,81.6,.8,23.5,0,35.5,25.9,29.6,33.1,27.9,30.2,1.8,.6,122,65,5.8,5.2,14.2
97,222,6,36.2,24.4,30.1,92.1,34.3,64.5,1.7,25.13,0,37.8,25.6,30.6,34,27.4,30.4,2.5,2,171,36,6.7,6.6,15.5
97,223,6,38.7,24.9,31.4,81.5,25.4,52.3,2.4,26.98,0,41.7,26.2,32.9,36.6,28,32,1.8,1.2,186,49,6.7,7.3,15.9
97,224,6,38.1,23.1,31,80.5,25.5,50.6,2.4,28.07,0,42.1,26.6,33.3,37.2,28.6,32.5,2.5,2.2,160,25,9,8.1,15.1
97,225,6,40.2,24.7,32.2,84.7,23.4,51.4,2.7,28.83,0,43.8,27.7,34.8,38.5,29.4,33.7,1.7,.3,192,74,9.6,7.9,15.8
97,226,6,39.4,23.1,30.1,83.1,24.6,53.2,2.3,27.09,1,43.9,27.5,33.9,38.8,29.8,33.6,2.1,.5,124,70,18,7.2,15.2
97,227,6,36.9,21.8,29.8,94.6,31.6,57.1,2.1,27.61,0,42.1,25.5,32.9,37.2,28,32.3,1.5,.2,172,75,5.1,7,14.5
97,228,6,37.9,23.4,30.3,80.3,29.3,55.8,2.1,26.56,0,42.8,27.8,34.1,37.8,29.6,33.3,1.8,1.5,185,34,7,7,15.3
97,229,6,32.4,22.5,26.4,97.3,36.9,77.5,.8,9.96,0,35.5,26.8,30,32.8,28.6,30.8,1.9,1.1,168,53,9.7,2.2,14.2
97,230,6,36.7,20.3,28,100,30,69.6,1.5,26.79,0,41.7,25,32.2,36.6,26.9,31.3,1,.5,154,57,3.1,6.2,13.8
97,231,6,39.6,22.5,31,85.2,25.7,53.3,2.5,27.56,0,38.3,26.9,31.5,35.3,28.8,31.7,1.3,.8,197,49,4.7,7.2,15
97,232,6,41.1,24.1,32.7,77.5,18.6,46.4,3.1,27.73,0,36.7,25.1,30.4,33.8,27.4,30.5,1.7,1,213,51,8.4,7.8,15.7
97,233,6,40.6,27.6,34.2,70.8,22.2,40.8,3.4,26.81,0,40.2,26.8,32.7,35.7,28.1,31.6,2.5,.2,191,78,10.3,8.4,16.8
97,234,6,40.8,23.9,33.2,89.5,23.4,49,2.9,27.09,0,43.4,27.4,34.6,38.2,29.1,33.3,1.1,.4,156,66,5.6,7.2,15.6
97,235,6,42.8,25.4,33.8,77.1,18.1,46,3.2,26.33,0,44,28.6,35.2,38.8,30.3,34.2,2.1,1.2,170,54,11.5,7.7,16.2
97,236,6,39.2,25.7,31.7,78.2,22.6,52.4,2.4,23.02,0,41.6,28.9,34.1,37.3,30.4,33.5,2.1,1.5,90,43,9.6,6.4,16.1
97,237,6,39.9,23.4,32.2,84.6,24.8,49.1,2.7,26.35,0,39.4,27.7,32.7,36.2,30.1,32.9,1.5,.7,22,61,8.3,7.2,15.4
97,238,6,31.3,25.4,28.5,94.9,43.1,70.3,1.2,13.11,3,30.8,27,28.4,30.6,28.4,29.3,1.9,1.3,350,44,8,3.1,15.3
97,239,6,39.4,23.7,31.5,96.3,27.2,57.6,2.3,26.28,0,37.6,25.8,30.6,34.3,27.3,30.4,1.2,.6,268,57,7,6.8,15.4
97,240,6,39.6,23.3,30.1,86.4,27.7,55.5,2.2,22.99,0,40.7,25.3,31.2,35.2,27.3,30.8,2.3,1.3,185,54,15.4,6.4,15.3
97,241,6,31.2,22.7,27.4,90,44.1,63.9,1.4,10.02,0,32.6,26.3,29,31.1,27.8,29.4,1.5,.9,164,48,4.8,2.3,14
97,242,6,36.8,22.3,29.2,100,34.1,61.4,1.8,21.84,5,39.8,25.9,31.5,35,27.4,30.8,1.9,.4,272,72,11.2,5.6,14.7
97,243,6,999,999,999,999,999,999,999,999,999,999,999,999,999,999,999,999,999,999,999,999,999,999
97,244,6,32.3,23.7,27.6,98.6,45.8,75.7,1,16.02,0,33.2,26.8,29.1,31,28.1,29.3,2.8,1.1,283,63,10.4,4.1,14.7
97,245,6,35.4,22.5,27.8,100,36.1,72.6,1.2,17.07,0,37.7,25.5,30.2,33.6,26.9,29.8,1.2,.3,178,70,9,4,14.6
97,246,6,39.7,21.8,30.3,99.3,26.6,63,2,25.42,0,41.4,25.6,32.6,36.5,27.2,31.5,1.1,.6,209,55,8.1,6.4,14.8
97,247,6,41.2,23.6,32,90.4,18.7,54.3,2.6,25.31,0,42.6,27.3,33.9,37.7,28.9,32.9,1.3,.8,180,49,7.8,6.7,15.5
97,248,6,39.7,23.4,31.5,98.7,24.2,51.9,2.6,23.6,23,38.5,25.3,31.5,35.5,27.9,32,2.1,.6,170,68,12.1,6.4,15.3
97,249,6,33.6,22.6,27,100,41.6,82.4,.8,19.84,1,34.4,24.7,28.6,32,26.7,29,1.6,.4,188,69,5.9,4.2,14.4
97,250,6,37.4,23.3,29.5,100,32.1,71.8,1.5,24.73,0,37,25.3,30.2,33.7,26.9,30,1.1,.8,179,44,4.3,5.9,15.2
97,251,6,39.8,23.7,31.1,97.3,26.7,62.4,2.1,24.78,0,40.9,25.6,32.1,35.7,27.4,31.2,1.5,.7,202,58,5,6.5,15.5
97,252,6,39.2,25.5,31.4,86.2,25.1,53.4,2.4,23.44,0,40.8,27.2,32.5,36,28.7,31.8,2.2,1,282,60,9,6.7,16.1
97,253,6,39.7,22.7,30.8,89.6,25.2,56.8,2.3,24,0,42.1,26.3,33.1,37,28.2,32.2,1.4,.7,210,56,4.4,6.3,15.1
97,254,6,35.4,23.8,27.9,98.1,42.2,70.2,1.2,16.21,0,38.1,27.4,30.7,33.4,29,30.9,2.6,.5,78,73,10.8,4.3,15.2
97,255,6,38.3,21.5,29.6,97.4,31.2,63.8,1.8,23.09,0,41.6,25.5,32.4,36.5,27.4,31.4,1.3,.5,132,62,5.1,5.9,14.5
97,256,6,38.7,23.9,31,87,26.4,54.7,2.3,23.84,0,41.9,27,33.2,36.8,28.6,32.4,2,1.4,174,45,14.1,6.6,15.4
97,257,6,38,23.2,30.6,87.8,31.9,58,2.1,23.02,0,42.4,27,33.6,37.3,28.9,32.7,1.6,.6,223,62,8.1,6,15.2
97,258,6,37.5,25.4,30.4,88.9,34,64,1.8,21.06,0,41.9,28.7,33.5,36.9,29.9,32.9,1.9,.7,234,65,8.5,5.7,16
97,259,6,38,22.8,30.4,95.5,28.7,58.3,2.1,23.28,0,42,26.6,33,37,28.5,32.3,1.4,.7,205,56,5.7,6.1,15
97,260,6,39.1,22.5,30.6,83.8,25.2,51.6,2.5,23.54,0,38.6,26.6,31.2,35.6,28.6,31.8,1,.4,200,65,4.8,6.2,14.9
97,261,6,40.2,23,31,82.4,21.9,49,2.7,22.91,0,36.1,24.8,29.4,33.2,27.1,29.9,1.2,.7,197,55,4.7,6.2,15.3
97,262,6,39.4,21.4,30.7,77.6,21.6,44,2.8,23.55,0,38.2,23.1,29.6,33.5,25.8,29.4,1.6,.7,232,60,4.6,6.6,14.6
97,263,6,38.8,20.9,29.5,70.8,20.4,42.3,2.7,23.53,0,39.2,23.9,30.5,34.5,26.1,30,2.1,1.2,217,52,7.2,7,14.4
97,264,6,36.7,17.3,27,80.6,13.4,38.5,2.5,23.49,0,38.7,23.5,29.7,34.2,25.9,29.6,1.8,1,237,55,6.8,6.7,12.5
97,265,6,36,15.9,26,77.9,13.4,40.2,2.4,23.99,0,38.5,22.4,29.3,33.9,25.2,29.2,1,.1,232,76,5.8,6.1,11.7
97,266,6,36.9,13.8,26.1,81,12.6,37,2.6,23.82,0,38.1,21.7,29,33.4,24.6,28.8,1.2,.5,7,62,4.3,6.3,10.9
97,267,6,32.1,20.7,26.3,90.3,34.2,54.4,1.6,8.99,0,31.3,24.7,27.5,29.6,26.1,27.9,1.3,.6,190,60,6.4,2.4,13.3
97,268,6,32.4,22.2,26.4,98.2,38.5,71.5,1.1,5.46,2,28.1,23.6,25.7,27.6,25.2,26.5,4.3,3.3,139,39,14.3,2.2,14
97,269,6,32.4,19.8,26.3,96.4,41.2,72.7,1.1,20.86,0,36.2,22.8,28,31.9,24.2,27.5,1.8,.6,208,65,5.4,4.8,12.9
97,270,6,35.3,18.2,26.4,100,17.5,66.3,1.5,22.5,0,37.7,22.5,29,33,24.5,28.4,1.4,.6,262,62,5,5.5,12.6
97,271,6,37.6,20.4,28.3,89.2,24.5,54.2,2.1,22.33,0,39.2,23.7,30.3,34.2,25.6,29.5,1.1,.2,188,71,4.3,5.6,14
97,272,6,38.1,20,28.5,85.1,21.6,50.7,2.2,19.97,0,37.5,24,28.9,35.1,25.9,29.6,1.4,.8,166,54,5,5.4,13.8
97,273,6,38.9,19.4,30,89.4,19.4,46.1,2.6,21.37,0,33.7,22.8,27.5,31.1,25.3,28,1.3,.2,299,73,4.3,5.8,13.7
97,274,6,39.8,20.6,30.1,79.1,18.5,44.2,2.7,19.6,0,34.7,22.5,27.9,31.1,24.6,27.8,1.1,.5,160,59,3.3,5.2,14.3
97,275,6,38.1,20.8,30.1,80.4,28.3,46.9,2.5,20.88,0,37.7,23.3,29.4,32.9,25.1,28.7,1.6,.6,238,63,6,6,14.2
97,276,6,36.1,20.7,28.6,83.6,31.7,52.7,2,21.11,0,38.2,23.9,29.9,33.6,25.8,29.3,1.5,.5,250,68,5.4,5.6,13.9
97,277,6,36.6,19.2,27.3,82.5,22.6,52.2,2,20.7,0,37.9,23.7,29.6,33.6,25.7,29.2,1.3,.3,228,71,5.4,5.3,13.3
97,278,6,36.8,15.8,25.9,81.1,16.7,45.1,2.2,21.63,0,37.2,22,28.6,32.8,24.6,28.4,1.2,.2,234,75,4.4,5.6,11.9
97,279,6,37.8,16.1,26.8,72.9,12.5,37.2,2.6,21.1,0,36,21.9,28,31.9,24.3,27.8,2.1,1.6,181,40,8.5,6.5,12.1
97,280,6,25.4,14.4,21.1,76.1,20.4,43.6,1.4,12.96,0,28.3,20,24,27.1,23,25.3,3.2,2.7,252,32,8.9,4,7.1
97,281,6,26.9,8.6,17.2,82.4,15.4,48.2,1.3,21.41,0,32.1,17,23.2,28,20.2,23.7,1.1,0,188,80,4.4,4.6,5.8
97,282,6,32.7,8.6,20.3,80.1,21.9,47.7,1.6,20.78,0,33.4,17,24.2,28.8,20,24.1,1,.3,214,67,3.8,4.7,8.3
97,283,6,34.4,14.4,23.6,70.6,16.1,40.8,2.1,20.78,0,34.6,19.4,25.5,29.7,21.7,25.2,1.9,1,201,54,6.2,5.7,10.7
97,284,6,23.2,13.4,19.1,54.9,18.4,37,1.4,14.28,0,26.6,18.2,22.2,25.2,21.2,23.3,3.6,3.3,266,23,10.2,4.6,5.5
97,285,6,22.4,5.6,14.7,76.6,12.8,39.1,1.2,21.31,0,28.2,15,20.4,25,18.3,21.3,2,1.2,309,52,7.6,5.1,3.3
97,286,6,27.6,4.1,15.7,70.7,7.6,32.2,1.5,21.32,0,24.2,13.2,18.3,22.3,16.8,19.8,2.2,1.7,4,41,7.7,5.8,5.4
97,287,6,33,7.5,19.6,63.4,6.9,27.9,2.1,20.95,0,22.8,11.6,16.6,21,14.8,17.8,2.1,1.8,53,31,9.6,6.3,8
97,288,6,33.8,11.2,21.4,48.1,9.2,24.8,2.2,20.83,0,26.6,11.8,18.2,22.8,14.8,18.5,2.1,1.4,59,46,7.8,6.1,9.2
97,289,6,33.8,9.3,22.8,59.6,8.3,23.1,2.5,20.42,0,28.1,13.2,19.8,24.1,15.9,19.7,3.1,2.6,67,31,9.6,7.1,8.7
97,290,6,34.3,11.4,21.9,58.4,7.2,25.9,2.3,20.2,0,29.9,14.8,21,25.4,17.1,20.8,1.7,.8,77,57,7.7,5.7,9.4
97,291,6,33.8,8.1,19.9,68.9,8.5,31.6,2,19.69,0,30.3,14.3,21.2,25.7,17,21,1,.2,218,74,3.2,4.8,8.4
97,292,6,32.3,9.7,20.9,64.1,12.1,35.8,1.9,19.41,0,29.7,15.3,21.6,25.6,17.7,21.4,1.6,.8,201,58,7.2,5.2,8.3
97,293,6,30.5,12.3,20.9,61.8,13.9,38.8,1.7,19.33,0,30.4,16.3,20.7,25.9,18.5,21.2,1.7,.9,147,54,5.4,5,8.5
97,294,6,30.1,10.4,19.6,98.3,21.7,52.4,1.3,15.11,1,25.6,13.6,18.5,21.9,16.3,19.2,2,.9,67,61,9.4,3.7,7.8
97,295,6,24.1,15,18.6,100,47.5,79.1,.5,15.54,3,25.5,15.9,19.6,22.4,18.3,20,2.2,.3,39,75,7.6,3,6.8
97,296,6,27.2,9.6,18.4,100,30.6,67,.9,18.15,0,25.4,13.4,18.6,22.6,15.9,19,1.5,.6,167,64,5.5,3.9,6.2
97,297,6,23.9,11,18,86.9,11.9,48.4,1.1,15.7,0,22.7,13.1,17.2,20.8,16.2,18.2,3.3,2,273,51,9.5,4.5,5
97,298,6,20.4,6,12.8,69.3,15.2,34,1.1,18.94,0,23.9,9.9,15.8,20.7,13.1,16.6,1.8,.8,308,59,6.7,4.3,2.5
97,299,6,22.9,2.6,12.8,83.3,13.6,43.7,1,18.91,0,23.9,9.5,15.7,20.6,12.7,16.3,2,1.6,27,38,7.6,4.5,3.2
97,300,6,24.6,2.2,13.7,84,14.3,45.7,1.1,14.72,0,22.6,9.8,15.6,19.7,12.8,16.2,1.3,.7,85,56,7.2,3.2,3.9
97,301,6,26.6,4.3,14.7,80.2,15.1,45.8,1.2,17.88,0,26,10.5,17.1,21.8,13.2,17.1,1.1,.4,168,64,4.9,3.9,5
97,302,6,27,6.5,15.7,67,16.4,43.1,1.3,17.43,0,26.5,11.6,17.8,22.3,14,17.8,1.2,.3,179,69,3.9,3.8,5.4
97,303,6,27.3,5.4,15.7,79.2,14,44.6,1.2,17.47,0,26.6,11.6,18,22.5,14.2,18,1.1,.5,202,61,4.5,3.8,5.4
97,304,6,29.4,6.3,16.7,73.8,14.6,42.2,1.4,17.5,0,27.1,12,18.4,22.8,14.5,18.3,1,.4,240,61,3.4,3.8,6.6
97,305,6,30.5,6.5,17.6,81.3,15.7,44,1.5,17.16,0,27.5,12.5,18.9,23.2,14.9,18.7,.8,.2,230,68,3.7,3.8,7.1
97,306,6,31.1,7.3,18.6,75.1,11.2,38.6,1.7,17.34,0,27.1,12.8,18.9,23,15.2,18.8,1.6,.6,6,65,5.9,4.5,7.5
97,307,6,31.2,5.7,17.4,71.1,9.3,36.1,1.6,17.39,0,27.2,12,18.5,22.9,14.7,18.5,1.1,.3,162,69,4.6,4.1,7.1
97,308,6,26.3,9.3,16.5,70.2,14.1,37.9,1.3,11.57,0,24,13.4,17.3,21,15.6,18,1,.5,179,57,3.8,2.6,5.8
97,309,6,28.9,4.1,15.6,76.8,12.3,41.1,1.3,16.9,0,23.2,10.3,15.7,20.1,13.2,16.4,.9,.1,232,77,3.3,3.6,6
97,310,6,30.9,4.1,16.4,78,12.7,38.6,1.5,16.21,0,22.4,9.4,15.1,19.2,12.3,15.6,1,0,222,79,4.7,3.7,6.9
97,311,6,29.1,6,16.6,80.3,12.2,36,1.5,16.63,0,22.5,9.7,15.2,19.3,12.4,15.7,1.1,.3,181,68,4,3.8,6.4
97,312,6,28.7,5.4,17.3,75.1,18.1,40.1,1.4,16.08,0,23.9,9.8,16,19.8,12.4,16,1.6,.7,237,60,6.5,4,6
97,313,6,25.6,10.5,17.9,80.7,18.2,45,1.3,15.87,0,25.5,13.3,18.1,21.6,15.1,17.8,1.2,.6,212,56,4.4,3.5,5.7
97,314,6,24.2,6.4,15.4,74.6,25.5,45.9,1.1,10.38,0,22.8,11.6,16.7,20,13.7,17,.9,.3,254,67,2.9,2,4.2
97,315,6,23,13.6,18.1,90.1,43.6,61.3,.8,9.2,0,21,14.5,16.6,18.8,15.8,16.9,1.8,1.1,244,48,7.3,2,5.5
97,316,6,18.9,11.6,15,98.2,44,71.7,.5,6.12,0,18,13.6,15.4,17.4,14.8,16,1.5,.8,151,53,4.9,.8,2.7
97,317,6,21.2,7,14.3,100,34.8,73.7,.5,13.8,0,21.4,10.4,15.2,18.4,12.8,15.6,1.7,1.1,180,46,4.7,2.3,2.9
97,318,6,19.5,7.1,13.6,100,36.5,75.8,.5,15.64,2,20.8,11.1,15.1,18.4,13.8,15.8,1.9,1.2,235,51,7,2.8,2.2
97,319,6,20.9,3.3,11,100,26.5,68.5,.6,15.08,0,20.5,8.3,13.2,17.6,11.1,14.1,1.2,.3,184,70,3.3,2.4,2.4
97,320,6,21.1,1.2,10.8,99.5,25.8,65.2,.6,15.37,0,21.2,7.3,13.1,17.5,10.1,13.6,1,.3,238,70,4.2,2.6,2.4
97,321,6,21.7,2.6,11.6,93.1,23.2,60.1,.7,14.85,0,25.7,8.2,15.4,21.2,10.8,15.6,1.1,.6,187,57,3.4,2.6,2.8
97,322,6,22.2,1.2,10.2,96.2,25.6,62.1,.6,14.33,0,19.6,7.5,12.5,16.8,10.4,13.4,1.1,.2,167,73,4.8,2.4,2.8
97,323,6,23.8,3.1,11.9,91.3,16.2,55.6,.8,14.2,0,19.4,7.6,12.6,16.5,10.1,13.1,1,.1,208,76,3.2,2.6,3.6
97,324,6,24.6,6.3,13.5,80.6,15.7,49.1,1,13.76,0,20.2,9.2,13.1,17,11,13.5,1.2,.4,191,65,4.7,2.9,4.4
97,325,6,22.5,1.8,11.8,91.6,21.4,52.6,.8,12.95,0,22.7,7.4,14.4,19.2,10,14.6,1.1,.1,16,76,3.4,2.5,3
97,326,6,24.6,3.2,12.9,84.4,12.7,45.9,1,13.93,0,18.6,8,12.6,16,10.5,13.2,1.5,.5,340,67,5.3,3.1,3.9
97,327,6,25.2,3.2,12.8,72,16.4,43.6,1,14.13,0,19.9,7.2,12.5,16.6,9.7,12.8,1.1,.3,206,70,2.8,2.8,4.2
97,328,6,26.1,2.5,13,83.2,17.1,48.3,1,13.3,0,19.9,7.1,12.4,16.3,9.6,12.7,1.1,.2,26,74,4.2,2.7,4.5
97,329,6,25,4.8,14.1,78.1,19.1,47.1,1,10.74,0,18.8,7.8,12.8,16,10.1,13,1.1,.2,117,74,3,2.1,4.3
97,330,6,22.9,9.5,15.5,70.1,23.7,48.7,1,3.34,0,14.4,10.8,12.6,14,12,13.1,2,1.2,234,51,11.1,1.2,4.2
97,331,6,18.7,6.1,13.6,74.9,36,52.7,.8,11.84,0,18.9,9.8,13.6,16.5,12,13.8,3.1,2.7,258,30,8.8,2.9,1.8
97,332,6,19.5,2.5,10,90.3,32.2,60.7,.6,13.55,0,20.1,7.1,12.4,16.6,9.6,12.7,1.3,.8,176,53,3.6,2.3,1.9
97,333,6,20.6,.4,9.7,89.6,31.5,59.8,.6,13.5,0,20.3,6.7,12.2,16.5,9.2,12.5,.9,.3,237,69,3,2.2,2.2
97,334,6,15.5,.9,8.3,86.8,42.3,64.5,.5,6.97,0,15.1,6.8,10.7,13.8,9.2,11.5,.8,.3,196,62,2.9,.8,.5
97,335,6,11.6,5.4,9.6,100,64.6,95.7,0,3.23,11,13.4,9,11.2,12.8,10.7,11.6,1,.4,242,61,5,0,0
97,336,6,17.6,8.1,11.8,100,60.2,92.7,.1,11.43,5,19.1,10.1,13.2,16,11.4,13.1,1,.3,172,66,3.6,1.3,1.6
97,337,6,18.2,3.5,9.9,100,46.2,89.9,.2,13.25,0,18.8,7.3,11.9,15.8,9.4,12.3,.7,.2,352,68,3.9,1.7,1.5
97,338,6,18.8,1.6,9.5,100,27,72.1,.5,13.83,0,16.8,5.5,10.4,14.3,8.2,11.1,1.2,.6,31,59,5.8,2.3,1.6
97,339,6,20.5,.7,9.8,100,31.1,77.8,.4,13.66,0,18.2,5.3,10.7,14.8,7.8,11,.8,.2,84,73,3.6,2.1,2.1
97,340,6,18.8,4.9,11.4,100,46.7,88.2,.2,7.02,2,15.1,7.9,11.3,13.4,9.4,11.5,1.5,.7,142,59,6.4,.8,1.8
97,341,6,19.3,9.1,14,100,67,94.6,.1,8.5,3,18.6,10.3,14,16.1,11.4,13.7,1.7,1.2,156,43,8.4,.8,2.4
97,342,6,17.1,9.9,13.3,100,41.4,76.5,.4,8.780001,1,16.1,9.3,12.7,15,11.4,13.3,3.1,2.4,254,38,9,1.7,1.5
97,343,6,14,4.5,9.6,90.8,37.2,62.7,.5,13.21,1,15.7,6.7,10,13.8,9,11.1,2.7,2.2,264,34,10.3,2.4,.2
97,344,6,12.7,-.1,6.5,86.8,27,58.4,.4,13.09,1,14.7,3.8,8.1,12.4,6.7,9.2,1.7,1.2,290,46,5.2,2.1,0
97,345,6,14.1,-.6,6.6,89.8,26,57.4,.5,13.08,0,14.1,3.3,7.7,11.8,5.9,8.6,2.2,1.9,34,31,7.8,2.4,.2
97,346,6,14.7,-.3,6.1,83.6,14.2,48,.6,13.59,0,14.2,2.5,7.2,11.5,5.2,8,2.2,1.8,24,32,7,2.7,.3
97,347,6,16.4,-3.5,5.2,95,18.1,62.4,.5,13.56,0,16,1.8,7.6,12.3,4.5,8,1.1,.4,178,64,3.3,2,.7
97,348,6,20.1,-.9,7.5,96.3,20.5,65.4,.5,12.29,0,16.4,3.6,8.5,12.7,5.6,8.7,1.2,.1,55,76,4.2,2,1.9
97,349,6,19.2,-2.4,7.4,100,25.4,69.1,.5,13.34,0,18.4,3.2,9.8,14.5,5.7,9.9,1,.4,187,60,3.3,1.9,1.6
97,350,6,20.1,-1.8,8.1,100,21.8,66.1,.5,13.17,0,16.4,3.7,9,13.1,6.2,9.4,1,.4,202,62,2.7,2,1.9
97,351,6,21,-1.2,8.1,98.8,21.5,67.2,.5,13.14,0,16,3.3,8.8,12.8,5.8,9.1,.9,.3,168,67,3.4,2,2.2
97,352,6,21.1,-.4,9.2,99.4,24.5,65.5,.6,11.66,0,15.7,3.9,9,12.8,6.1,9.2,1.3,.2,187,74,4.1,1.8,2.3
97,353,6,13.8,3.7,9.3,100,60.8,88,.2,5.61,0,12.5,6.2,9.5,11.4,7.8,9.7,1.2,.5,266,64,5.8,.2,.2
97,354,6,17.9,5.8,11.5,100,52.2,84,.3,12.01,0,18.1,8.1,11.7,14.5,9.1,11.5,1.1,.1,121,76,4.3,1.7,1.5
97,355,6,17,6.3,11.2,100,48.4,81.9,.3,7.71,1,14.3,7.4,10.4,12.4,8.9,10.7,3.8,3.6,155,19,11.1,1.3,1.2
97,356,6,12.1,2.5,7.9,100,67.6,90.5,.1,7.09,3,12.9,5.6,9.4,11.8,8.1,10.2,3.1,2.8,153,24,9.7,.7,0
97,357,6,13.6,0,5.6,100,54,91,.1,11.86,0,14.8,3.5,8,12.2,5.8,8.7,1.2,.7,156,52,3.4,1.3,.1
97,358,6,12.9,.4,5.9,100,52.7,87.5,.2,10.83,0,14.8,4.4,8,11.8,6.5,8.7,1.7,.8,251,58,8.1,1.3,0
97,359,6,10.3,-2.9,3.2,100,34,78,.2,13.08,0,13.1,2.2,6.3,10.6,4.7,7.3,1.2,.7,263,52,4.8,1.6,0
97,360,6,13.4,-2,5.4,94.3,28.6,62.1,.4,13.11,0,12.3,1.7,6,10.1,4.1,6.7,2,1.8,4,26,7.2,2.2,.1
97,361,6,13.9,-2.7,5.2,94.5,22.5,58.6,.5,13.49,0,14.1,1.4,6.4,10.9,3.9,6.9,1.5,.5,336,66,5.2,2.1,.1
97,362,6,13.9,-3.1,4.9,99.2,15.8,58.2,.5,10.42,0,11.6,1.6,5.8,9.4,3.9,6.4,1.9,1.2,357,51,7.3,1.9,.1
97,363,6,17.4,-1.9,6.9,90,22.7,60.7,.5,12.29,0,18.5,2.1,9.3,13.7,4.2,9,1,.3,192,66,3,1.8,1
97,364,6,21.7,.3,10.4,96.8,25.9,63.6,.6,12.64,0,16,4.4,9.6,12.7,6.3,9.4,1.1,.1,166,78,4,2.2,2.6
97,365,6,23.1,1.2,11.6,99.3,23.2,62.6,.7,13.09,0,14.6,4.5,9.2,12.1,6.4,9.3,1.8,1.2,61,49,7.4,2.8,3.2
