98,1,6,22.7,4.5,12.8,93.1,29.4,62.9,.7,12.89,0,16.6,6,10.7,13.5,7.6,10.4,1.4,.6,68,62,5.3,2.4,3.4
98,2,6,24.8,8,14.6,90.1,26.9,64.4,.8,11.4,0,19.2,8.7,12.4,15.3,9.5,11.8,1.2,.3,198,69,4.2,2,4.8
98,3,6,20.5,9.4,14.5,97.2,47,78.8,.4,10.49,0,18.4,10.3,13.2,15.6,11,12.8,2.1,1.4,176,48,6.2,1.7,3
98,4,6,19.5,5,12.6,100,49.9,80.8,.4,12.49,0,19,7.7,12.7,15.7,9.5,12.4,1.5,.8,191,56,6,1.8,2
98,5,6,16.4,4.6,10.6,100,20.6,65,.5,12.43,0,16.5,7.4,11,14.2,9.7,11.6,2.2,1.7,249,39,7.2,2.4,.9
98,6,6,15.3,-1.4,6.9,94,25.2,58.6,.5,13.55,0,16.2,4.1,9,13.2,6.7,9.6,1.4,.5,276,66,5.3,2.2,.4
98,7,6,16.1,-2.7,6,96.1,25.3,62.9,.5,13.63,0,16.2,3.3,8.5,12.9,5.7,9,1.1,.4,186,64,3.7,2,.6
98,8,6,13.4,-1.8,5.1,94.5,37.5,71.3,.3,7.39,0,12.8,3.8,7.4,10.7,5.9,8.1,1,.2,124,71,2.8,.7,.1
98,9,6,17.2,-1.6,7.5,99.7,28.5,71.9,.4,11.69,0,15.5,3.2,8.7,12.3,5.3,8.7,1.4,.6,2,59,4.7,1.7,1
98,10,6,14.3,4.1,8.4,100,57.5,94.7,.1,8.29,1,13.6,6.2,9.4,11.8,7.6,9.7,1.8,.6,16,65,7.2,.7,.3
98,11,6,13.5,3.1,7.8,100,.2,85.3,.2,5.63,0,14.4,7.2,9.9,12.3,8.9,10.1,.8,.5,182,49,2.7,.3,.1
98,12,6,16.3,3,8,95.7,35.2,80.2,.3,11.17,0,17.3,6.4,10.3,13.9,7.8,10.2,.9,.1,158,76,3,1.4,.8
98,13,6,17.7,2.8,9.2,97.4,38.3,76.6,.4,12.66,0,17.7,6.2,10.6,14.2,7.7,10.6,1.2,0,31,80,4,1.8,1.2
98,14,6,17.9,1.5,8.7,100,40,78.9,.3,13.34,0,21.2,5.7,11.4,18.3,7.5,11.4,1,.1,175,75,3.7,1.9,1.2
98,15,6,18.5,-.2,9.1,100,33.4,71.9,.5,13.4,0,17.1,5.6,10.9,14.1,7.8,11,.9,0,104,80,4.2,2,1.4
98,16,6,20.9,7.9,13.8,86.4,32,61.5,.7,13.31,0,19.1,9.8,13.1,15.8,10.6,12.7,1,.3,178,67,3.3,2.3,3
98,17,6,20.9,4.9,11.7,96.8,39.3,72.6,.5,12.36,0,18.9,7.6,11.9,15.3,9.2,12,1,.2,158,73,3.3,1.9,2.6
98,18,6,21.8,3.2,11.3,100,38.9,76.8,.4,13.12,0,18.6,6.7,11.6,15.1,8.6,11.7,1.1,0,224,80,3.3,2,2.9
98,19,6,21.3,4,12.4,97.1,36.9,69.9,.6,13.06,0,17.2,7.1,11.6,14.8,8.9,11.7,1.9,1,267,56,8.8,2.5,2.7
98,20,6,18.4,5.1,12.4,89.3,35.7,57.1,.7,12.67,0,19.4,7.5,12.2,15.5,9.3,12.2,1.9,1.2,242,50,5.2,2.5,1.6
98,21,6,17.6,4.8,11.3,81.6,30.3,52.7,.7,14.15,0,19.1,8.1,12.4,15.9,9.9,12.5,1.5,.8,216,55,4.6,2.7,1.3
98,22,6,18.7,.1,8.5,92.6,27.8,64,.5,13.6,0,22.3,5.7,13.3,18.6,8,13.4,1,.5,196,58,3,2.1,1.5
98,23,6,19.4,-.7,8.6,96.7,24.2,64.2,.6,14.64,0,18.2,5.6,10.9,14.9,8,11.3,1.1,.2,216,72,3.6,2.4,1.7
98,24,6,21.4,.4,10.1,96.5,20.7,57.6,.7,14.74,0,18.1,5.3,10.5,14.6,7.5,10.8,1.3,.5,239,65,4.6,2.7,2.4
98,25,6,22.4,.6,10.8,91.3,21,56.4,.8,15.11,0,18.6,5.2,10.8,14.9,7.4,10.9,1.2,.5,190,61,4,2.8,2.9
98,26,6,23,.2,10.5,91.5,17.4,57.3,.8,14.77,0,17.9,5.1,10.7,14.6,7.4,10.8,1.3,.1,3,78,4,2.7,3.1
98,27,6,23.7,2,10.9,91.1,19.5,56.1,.8,12.6,0,17.9,6.2,11,14.6,8,11.1,1.2,.1,128,78,3.3,2.3,3.5
98,28,6,23.2,.9,10.8,90.7,17.8,56.7,.8,15.29,0,19.5,5.3,11.2,15.6,7.5,11.2,1,.2,156,71,3.4,2.7,3.2
98,29,6,23.2,.5,11.8,83.8,20.4,52.8,.9,15.48,0,19.2,5.9,11.7,15.7,8,11.7,1.9,.8,267,61,7.2,3.4,3.2
98,30,6,19.3,5.7,12.7,90.2,31.8,59.6,.7,15.05,0,22.6,8.7,13.8,19.9,10.1,13.7,1.9,1.1,222,52,5.4,2.9,2
98,31,6,20,.6,10.2,90.4,29.2,60.5,.6,13.98,0,18.7,7.3,12.1,15.7,9.3,12.3,1.1,.3,9,71,3.6,2.4,1.9
98,32,6,21.2,2.4,10.9,90.9,24.9,58.8,.7,15.66,0,18.8,6.9,11.8,15.7,8.8,12,1.3,.3,207,70,4,2.8,2.5
98,33,6,21,1.4,11,88.1,26.5,55.3,.7,13.85,0,18.1,6.5,11.4,15,8.4,11.6,1.3,.5,29,65,4.1,2.5,2.4
98,34,6,22.5,2.6,11.7,90.9,26.1,61.7,.7,7.29,0,14.4,7,10.5,12.9,8.7,10.9,3.3,1.8,193,54,19.6,1.6,3.1
98,35,6,15.7,6.1,10.9,100,49.8,85.6,.2,10.26,11,14.5,8.5,11.2,13.3,10.5,11.6,3.8,1.8,212,59,10,1.6,.7
98,36,6,17.3,3.2,8.9,100,45.5,89.2,.2,15.78,0,19,5.8,11.2,15.5,8,11.3,.8,.2,59,71,2.6,2.1,1.1
98,37,6,19.3,2.6,10.6,100,40.5,82.3,.3,16.2,1,19.1,5.8,12,15.6,8,11.7,1.1,.4,169,63,5.1,2.4,1.8
98,38,6,19.5,8.7,13.7,96.9,40.6,75.5,.5,15.74,0,19.2,9.6,13.7,16.3,11,13.3,1.8,.8,239,61,7,2.8,2.4
98,39,6,13.9,9.5,11.1,100,88.5,98,0,3.52,17,13.4,10.7,11.8,12.8,11.6,12.2,1.8,.8,102,62,7,0,.3
98,40,6,16.1,7.8,11.7,100,55,88.1,.2,15.04,21,19,10,13.2,16.3,11.1,13,3,1.5,238,56,8.6,2.4,.9
98,41,6,17.2,3.4,9.9,100,44.6,84.5,.3,17.29,0,20.6,6.2,12.3,16.5,8.6,12.3,1,.2,185,71,3.2,2.5,1.1
98,42,6,18,4.5,10.6,100,41.4,83,.3,17.38,0,21.2,6.8,12.7,16.9,8.9,12.5,1.1,.3,183,68,3.8,2.6,1.4
98,43,6,18.5,3.6,10.2,100,31.3,79,.4,16.89,0,20.3,6.2,12.1,16.3,8.7,12.2,1.1,.2,310,73,5.4,2.6,1.6
98,44,6,14.6,5.3,9.4,100,51.9,84.3,.2,7.63,0,15.3,7.8,10.8,13.5,9.4,11.3,1,.4,188,64,4,.6,.4
98,45,6,15.5,1.3,9.7,100,55.3,87.1,.2,9.85,1,16.3,5.1,10.8,13.6,7.6,10.9,1,.3,31,67,2.8,1,.5
98,46,6,15.3,7.9,11.6,100,43.1,76,.4,14.13,11,15.6,8.2,11.5,13.6,10.2,11.8,3.8,2.7,243,43,10.5,2.6,.6
98,47,6,15.8,4.3,10,97.4,31.6,69.1,.4,18.77,0,18.4,5.6,10.8,14.9,7.8,11,2.6,1.8,236,45,6.7,3.3,.7
98,48,6,11.3,4.2,7.9,100,66,90.5,.1,3.36,8,10.4,6.2,8.4,10.1,8,9.3,3.3,2.4,147,42,11.7,0,0
98,49,6,14.2,6.8,9.3,100,56.3,88.1,.2,12.11,2,16.8,7.3,10.8,13.9,8.5,10.7,2.7,1.8,247,46,8.2,1.4,.3
98,50,6,15.5,1.8,9.2,100,55.2,89.1,.2,15.04,0,19,5,11.3,15.1,7.3,11.1,.9,.2,27,70,3,1.9,.5
98,51,6,12.1,6.7,8.7,100,74.3,95.3,.1,4.8,4,13.1,8.3,10,11.8,9.8,10.6,1.5,.7,254,59,10,0,0
98,52,6,14.4,2.4,8.4,100,61.1,90.4,.1,16.02,0,18.1,4.8,10.7,14.9,7,10.8,1.4,1,125,47,4.5,2.1,.3
98,53,6,19.3,3,10.6,100,42.7,83.8,.3,19.13,0,22.1,5.8,12.7,17.3,7.9,12.2,1,.5,159,58,5.2,2.9,1.8
98,54,6,23.2,4.5,13.3,100,36.6,77,.5,19.37,0,24,7,14.4,18.9,9.1,13.6,1.2,.6,125,57,4.4,3.4,3.6
98,55,6,17.3,7.7,11.8,100,49.3,77.8,.3,7.94,7,15.5,8.3,11.5,13.7,10.3,12.3,4.1,3.1,194,41,14.7,1.3,1.4
98,56,6,15.8,6.1,10.7,91.1,35,65,.5,19.79,0,18.9,6.4,11.3,15.5,8.4,11.5,2.8,2.5,257,26,7.6,3.7,.8
98,57,6,16.4,.7,9.2,100,25.9,64,.5,20.4,0,21,4.5,11.8,16.6,7.2,11.6,1.5,.9,245,53,7,3.5,.8
98,58,6,16.4,3.4,10.7,100,24.6,59.6,.6,20.26,0,21.5,6.5,12.8,17.2,8.9,12.6,1.9,1.3,297,45,6.7,3.8,.8
98,59,6,16.6,1.6,9.4,89.6,18.2,51.3,.7,21.06,0,22.5,5,12.2,17.5,7.8,12.2,1.5,.8,342,58,4.4,3.8,.8
98,60,6,19,-.3,9.3,100,14.8,61.4,.7,21.35,0,23.8,4.7,12.9,18.3,7.6,12.6,1.1,.2,224,72,3.7,3.7,1.5
98,61,6,22.5,1.8,11,100,19,65.5,.7,21.26,0,25.3,5.9,14.2,19.6,8.6,13.6,1.1,.4,207,66,3,3.7,3
98,62,6,24.4,2.7,13,100,21.9,65.7,.8,21.54,0,26.6,7,15.4,20.7,9.6,14.7,1.3,.3,174,69,3.7,4,3.9
98,63,6,24,4.6,14.6,98.7,29.9,63.4,.8,21.2,0,27.5,8.4,16.6,21.5,10.8,15.8,1.4,.4,250,68,4.6,4.2,3.9
98,64,6,24.1,7.8,15.7,95,32,65.3,.8,21.27,0,27.7,10.1,17.5,21.8,12.2,16.6,2.4,1.9,178,38,7.2,4.5,4.3
98,65,6,21.1,9.8,15.3,95.7,33.8,63.3,.7,17.99,1,24.8,11.2,16.7,20.2,13.6,16.5,4.3,3.5,226,35,14.1,4.4,3.4
98,66,6,15.6,4.8,10.2,85.5,22.1,48.1,.7,22.41,0,21.6,6.9,12.9,17.6,10.1,13.6,3.9,3.4,273,29,12.6,5,.6
98,67,6,18.5,.1,9.2,95.9,21,58.4,.6,22.08,0,25.6,5.5,13.9,19.7,8.5,13.6,1.2,.2,226,75,4.2,3.8,1.4
98,68,6,22,.8,11.2,96.3,15.6,56.8,.8,21.76,0,25.9,6.4,14.1,20.4,9.3,14.3,1.2,.4,341,64,4.8,4.1,2.8
98,69,6,25.8,3.4,15.1,90,16.6,43.7,1.2,23.23,0,23.2,7.4,14.3,18.7,10.2,14.2,1.7,1.2,15,42,5.6,5.3,4.5
98,70,6,27.9,4.6,16.8,86,15,44.3,1.4,22.9,0,25.6,7.7,15.6,20.5,10.3,15.1,1.8,1.1,27,49,7.2,5.5,5.6
98,71,6,27.9,6.6,16.9,86.2,18.8,49.5,1.2,22.35,0,27.3,9.4,17.2,22,11.8,16.5,1.6,.8,94,58,7.2,5.1,5.9
98,72,6,23.4,9.6,16.6,80.2,25.5,52.6,1,12.17,0,21.6,12,16.1,18.8,13.6,16.1,1.9,1.4,153,43,4.7,2.7,4.4
98,73,6,17.2,8.7,12.6,100,41,74.3,.4,5.43,5,16.8,10.8,13.5,16,12.7,14.4,2,1,148,59,9.4,.6,1.4
98,74,6,16.1,8,11.5,100,66.8,91.1,.1,10.53,1,20,10,13.8,16.6,11.5,13.9,1,.6,108,50,4.2,1.1,.9
98,75,6,20.9,8.8,14.3,100,51.1,86.2,.3,18.11,0,24.4,10.8,16.4,20.4,12.6,15.9,.9,.4,42,61,4.6,3,3.1
98,76,6,22.5,10.3,15.4,100,46.7,83,.4,18.83,0,26.3,12.4,17.4,21.6,13.6,17,1.6,1.2,172,40,5.6,3.4,4.2
98,77,6,23.3,7.4,16.3,100,27.9,67.4,.7,20.37,0,27.2,12.6,18,22.4,14,17.7,2,.9,248,61,7.5,4.2,4
98,78,6,23.8,4.6,14.2,100,21,53.7,1,24.29,0,29,9.1,17.5,22.8,12,17,1.6,1,13,50,5.4,5.1,3.9
98,79,6,24.9,4.8,14.5,95.7,19.4,60,.9,20.31,0,28.3,9.9,17.4,22.2,12.5,17.1,1.2,.1,327,76,4.5,4,4.3
98,80,6,26.9,4.9,16.1,98.8,13.6,54.5,1.1,24.81,0,30.9,10.3,19.2,24.4,12.9,18.2,1.5,.8,206,58,5.2,5.4,5.2
98,81,6,28.7,7.8,18.1,90,21.2,53.1,1.3,23.54,0,31,12,20.2,25,14.4,19.3,1.3,.3,288,73,4,5.2,6.5
98,82,6,30.6,8.3,19.2,93.4,19.4,54.3,1.4,23.85,0,32.3,12.7,20.7,27.7,15,20.8,1.2,.1,162,78,4.6,5.3,7.5
98,83,6,32.8,9.6,21.1,93.4,14.1,47,1.7,24.99,0,28.1,13.8,19.7,23.9,16.2,19.8,2,1.5,183,42,7.2,6.6,8.5
98,84,6,29.2,12,21.2,61.8,13.8,34.1,1.8,25.04,0,27.3,12.1,18.9,23.2,14.7,18.8,5.3,4.8,194,24,16,8.9,7.8
98,85,6,17.1,10.4,13.3,100,58.7,86.8,.2,12.12,12,19,13.1,15.5,18.7,15,16.6,4.2,3.5,175,34,10,1.9,1.6
98,86,6,20.4,10.8,15,99.6,45.2,80.6,.4,16.5,0,24,12.2,16.7,19.6,13.8,16.6,2.3,1.9,163,32,5.7,2.7,3.3
98,87,6,19.9,8.6,12.7,100,43.3,81.9,.3,15.1,8,19.6,10.5,14.3,17.8,13.3,15.3,5.1,3.9,199,40,16.6,3.2,2.6
98,88,6,11.8,4.9,8.3,100,56.2,86.3,.2,11.32,2,15.6,8.7,11.3,14.3,11,12.6,2.8,1.7,176,51,9.6,1.4,0
98,89,6,15.9,4.6,9.3,100,37.1,78.5,.3,22.72,0,21.1,7.6,13.1,17.6,9.8,13.2,2.1,1.4,236,49,8.8,3.8,.7
98,90,6,18.4,4.8,11,97.1,30.8,70.3,.5,26.37,0,26.6,6.7,15.3,21.1,9.5,14.8,1.7,.8,113,58,4.6,4.7,1.6
98,91,6,16.5,4.7,9.2,100,49,84.6,.2,12.14,5,17.8,8.3,11.7,14.6,11.1,13,3,1.6,197,54,11.5,1.6,.9
98,92,6,17.5,3.4,10.5,100,35.3,73.9,.4,26.63,0,25.1,6,14.5,20.3,8.8,14,1.8,.5,160,69,4.9,4.5,1.2
98,93,6,23.3,3.6,13.1,100,25.8,69.6,.7,27.24,0,28.9,7.6,17.1,22.8,10.5,16.2,1.3,.4,34,66,5,5,3.5
98,94,6,21,6.9,13.9,95.9,21.9,54.9,.8,27.03,0,29.3,9.9,17.9,23.3,12.5,17.4,2.3,1.7,246,43,7.7,5.7,2.8
98,95,6,22.2,3.7,13.7,98.1,22.6,55.6,.9,25.4,0,28.8,8.8,18.1,23.3,11.9,17.4,1.4,.3,244,71,5.3,5,3
98,96,6,20.6,8.5,14.9,92.2,24,54.4,.9,25.93,0,25.4,11.7,16.7,23.1,14,17.5,3,2.5,239,35,9.4,6,2.9
98,97,6,19.7,7.6,14.4,78,27.1,47.7,.9,24.66,0,23.1,9.3,15.3,19.6,12.1,15.6,3.1,2.7,254,27,7.9,5.5,2.4
98,98,6,22.1,5.1,14,93.8,20.3,54,.9,27.58,0,29.1,8.6,17.9,23.4,11.5,17.1,1.2,.3,300,68,5.8,5.4,3.2
98,99,6,25.1,4.5,15.4,93.3,16.7,51.2,1.1,27.85,0,31,9.7,19.4,25,12.7,18.5,1.2,.2,231,72,4.6,5.7,4.4
98,100,6,29.8,5.7,17.8,91.7,17.4,52.1,1.3,28.03,0,33,11,21,26.5,13.9,19.9,1.2,.2,94,76,5.1,6.1,6.7
98,101,6,28,10.4,19.6,73.2,12.7,37.9,1.6,28.11,0,30.1,13.1,20.8,24.7,15.7,20.1,5.6,5.1,190,26,16,9.5,6.8
98,102,6,22.6,8,16.4,76.9,26.5,48.9,1,22.74,0,26.8,13.8,19.6,23,16.2,19.5,3.8,3,221,38,9.4,5.7,3.7
98,103,6,23.6,5,14.6,76.4,19,42.3,1.1,28.2,0,31.7,10.4,18.7,29.5,13.6,19.5,2.2,1.2,228,56,7.8,6.4,3.7
98,104,6,21,5.4,14.6,79.6,24.3,42.9,1.1,27.95,0,23.7,10,16.2,20.5,13.4,17,2.8,2.2,244,39,9.2,6.5,2.7
98,105,6,18.4,6.1,12.6,65.8,17.3,45.1,.9,21.59,0,23.7,10.9,15.7,19.8,13.3,16.2,3.1,2.5,252,38,11.3,5,1.7
98,106,6,20.9,2.4,12.5,79.3,13.4,45.1,1,27.62,0,27.3,8,17,22.4,11.2,16.6,2.3,1.1,298,57,10.3,6,2.4
98,107,6,23,4.5,13.8,83.2,16,48.5,1,28.86,0,30.6,9.4,18.9,24.4,12.5,18.1,1.6,.5,339,68,8.8,6,3.4
98,108,6,26.6,4.7,16.1,75.6,13.7,41.7,1.3,28.95,0,31.9,10.6,20.3,25.4,13.7,19.3,1.9,.3,328,73,8.5,6.7,5
98,109,6,29.3,6.1,18.4,80.2,9.6,37.8,1.7,28.95,0,33.7,11.8,21.8,26.9,14.8,20.6,1.6,.4,344,71,7.9,6.9,6.5
98,110,6,32.4,7.8,20.8,72.5,10.2,35.7,2,29.23,0,34.1,13.2,22.2,29.3,16,22.3,1.4,.1,250,79,5.6,7.1,8
98,111,6,33.7,10,22.8,79.5,10.6,35.7,2.2,29.16,0,28.5,13.5,21,25.1,16.5,20.8,2,1.2,54,52,8,7.9,8.8
98,112,6,36.2,11.8,24.5,71.1,7.2,34.4,2.6,28.89,0,35.6,14,23.8,29.2,16.6,22.6,1.6,.1,317,79,7.5,7.7,10
98,113,6,35.9,13.2,24.4,58.2,9.3,28.2,2.6,29.43,0,36,15.9,25,29.8,18.4,23.9,2.8,2.1,198,41,9,9,10.4
98,114,6,28.3,13.7,21.1,48.6,23,30.2,1.8,29.13,0,32,15.2,21.2,29.5,18.4,22.4,3.7,2.7,251,43,10.9,8.6,8.2
98,115,6,25.2,9.4,17.7,73.1,22.8,46.6,1.2,26.63,0,26,12.4,18.7,22.9,15.7,19.3,3.5,2.7,247,38,13.8,6.9,5.2
98,116,6,25,9.2,17.7,88.5,16.2,48.6,1.2,27.69,0,31,12.8,21,25.6,15.6,20.4,2.5,.8,263,67,10.5,6.5,5.1
98,117,6,28.2,8,19.2,77.1,20.4,42.5,1.5,28.97,0,34.4,13.2,22.8,28,16,21.7,1.5,.5,57,67,7.6,6.8,6.4
98,118,6,30.3,10.2,21.5,77.7,14.9,36.9,1.9,29.81,0,35,14.9,24.1,29,17.6,23,1.9,.6,51,66,8.2,7.7,7.8
98,119,6,31.8,11.1,22.4,75.5,13.5,36.2,2,28.36,0,36.4,15.8,25,29.7,18.6,23.9,1.4,.4,354,68,8.9,7.1,8.7
98,120,6,33.6,12.8,23.7,63.9,12,31.8,2.4,29.63,0,37.5,16.3,25,35.4,19,25.8,1.5,.5,266,68,5.8,7.6,9.8
98,121,6,33.6,15.8,25,50.5,9.7,24.8,2.6,30.14,0,31.6,15.8,23,27.9,19.2,23.5,2,1.1,212,56,5.8,8.3,11.3
98,122,6,33,10.4,23,62.7,6.4,23.7,2.5,28.41,0,35,14.2,23.6,29.3,17.7,23.2,1.9,1.1,222,51,6.2,7.7,8.9
98,123,6,31.7,10.8,22.1,53.9,16.2,28.3,2.1,30.03,0,36.2,14.8,24.9,30.3,18.1,24,1.9,1.1,204,53,5.9,7.7,8.5
98,124,6,29.7,14.1,22.8,66.4,18.5,37.3,1.9,30.28,0,35.9,17.5,25.7,30.2,20.1,24.8,2.7,2.2,245,34,8.8,8.2,9.1
98,125,6,29.8,12.5,22.2,69.1,23.6,42,1.7,28.66,0,33.7,17.2,23.4,30,19.8,24.2,2.7,1.8,232,48,9.3,7.5,8.3
98,126,6,27.7,13.4,21.6,70.5,22.5,39,1.7,29.43,0,30.6,15.1,22,26.6,18,22.1,2.4,1.9,244,38,6.6,7.4,7.8
98,127,6,29.7,12.1,21.5,71.8,16.5,37.8,1.8,29.76,0,35.8,15,24.4,30,17.9,23.5,1.8,.7,235,64,6.4,7.3,8.1
98,128,6,26.8,11.5,19.5,69,21.3,42.7,1.4,27.94,0,32.7,16.3,22.2,29.4,19.1,23.1,2.8,2.1,236,42,9.2,7,6.4
98,129,6,30.9,11.6,21.7,73.9,17.7,41.2,1.8,30.38,0,30,14.1,21.7,26.3,17.2,21.7,1.7,.8,188,59,11.2,7.3,8.5
98,130,6,32.1,14.3,23.2,61.5,15.1,33.9,2.1,30.61,0,35.1,14.8,24,29.2,17.7,23.2,2.9,1.8,223,49,9,8.7,10.1
98,131,6,30.8,11.7,21.8,60.6,11.8,31,2,30.65,0,36.4,15.6,25,30.4,18.6,24.2,2.6,1.7,191,47,8.2,8.1,8.5
98,132,6,28.6,11.4,20.1,57.6,16.3,36.4,1.6,29.87,0,33.7,16,24,28.7,19.1,23.7,3.9,3.6,193,25,11.2,8.6,7.4
98,133,6,21.5,11.1,16.4,95.3,43,64.3,.7,20.8,0,30.1,16.1,20.9,24.9,19,21.6,3.4,2.4,203,45,9.6,4.5,3.8
98,134,6,24.8,9.1,17.1,91.5,15.4,47.8,1.2,31.07,0,33.1,13.9,22.3,27.5,16.7,21.7,2.6,2,248,38,9.4,7.4,5
98,135,6,29.1,9.2,19.6,60.4,9.7,30,1.9,31.98,0,33.7,14,22.1,29,17.2,22.5,1.6,.3,167,73,5.6,7.6,7
98,136,6,34.5,10,22.2,63.8,6,26.9,2.4,30.41,0,30,13.4,21.1,25.9,16.7,21.3,1.7,.8,213,59,6.8,7.9,9.1
98,137,6,34.8,11.2,24.1,52,6.9,21,2.8,28.78,0,35,13.7,23.6,29.2,16.8,22.7,1.6,.3,172,73,4.8,7.6,9.4
98,138,6,38,12.8,26.4,52.5,8.7,23.3,3.1,30.41,0,38.6,16.6,26.9,31.8,19.4,25.5,1.5,.6,215,62,5.6,8.3,10.6
98,139,6,38.2,18,27.9,42.4,11.2,24.5,3.1,25.45,0,35.6,19.7,25.4,33.5,21.5,26.1,2.5,1.8,197,45,9.2,8,13
98,140,6,31.6,18.6,25.2,60.6,16.7,38.6,2.1,9.64,0,26,17.5,21.2,24,20.1,22.3,2.1,.8,320,63,9.4,3,12.1
98,141,6,31.2,12.7,22.4,81.6,10.3,40.6,1.9,31.23,0,33.4,14.8,23.2,28.4,17.6,22.7,2.1,1.1,253,57,7.7,8.1,9.1
98,142,6,32.5,11,22.7,45.3,8.3,22.3,2.4,31.79,0,35,14.6,23.6,32.6,18,24.1,1.9,.9,220,60,6.1,8.4,8.9
98,143,6,32.2,13,23.4,46.1,11,26.4,2.4,31.21,0,31.1,14.3,22.8,27.6,18,22.9,1.6,.9,190,55,6.7,8,9.5
98,144,6,33.7,15.6,25,49.7,15.4,29,2.5,30.72,0,37.2,15.9,26,31.3,18.8,24.9,2,1.1,193,53,6.2,8.2,11.2
98,145,6,35.4,16.6,25.9,49.5,10.8,28.3,2.7,31.3,0,38,18.5,27.6,32.4,21.1,26.5,2.9,2.4,189,34,9.7,9.4,12
98,146,6,31.3,15.1,24.1,53.1,17.7,32.9,2.2,31.43,0,35.3,18.4,24.9,32.3,21.3,25.6,2.6,1.4,223,55,7.4,8.6,10.3
98,147,6,33.6,15,24.6,66.1,17.5,38.4,2.2,31.52,0,32.3,16.1,24.1,28.8,19.3,24,1.9,.5,188,70,6.5,8.1,10.9
98,148,6,37.2,16.4,27.5,58,10.2,28.7,3,31.61,0,39,17.6,27.6,32.9,20.4,26.4,2.4,1.4,211,52,8.2,9.2,12.1
98,149,6,36.2,16.1,27,51.4,10.6,26,3,30.45,0,39.9,19.3,28.6,33.7,22,27.6,2.1,1.3,220,51,6.2,8.7,11.9
98,150,6,35.4,17.1,27,46.9,12.1,25,2.9,30.74,0,39.9,19.7,29,33.9,22.6,28,1.9,.6,216,66,6.4,8.6,12.2
98,151,6,36.4,15.7,27,41.2,8.9,21.5,3.1,32.64,0,41,19.6,29.5,34.6,22.6,28.4,1.9,.9,172,59,5.3,9.1,11.7
98,152,6,37.8,17.2,27.7,40.1,8.6,22,3.2,30.16,0,39.8,20.5,27.5,33.4,23.2,27.7,1.8,.7,211,63,7.6,8.5,12.6
98,153,6,38.6,18.5,28.5,43.5,7.3,19.9,3.5,32.21,0,33.2,17.2,25.2,30,20.8,25.4,1.9,.9,230,60,6.4,9.4,13.3
98,154,6,31.9,16.4,25.6,58.9,15.9,25.9,2.6,31.64,0,36.1,18.3,26.2,31,21.1,25.8,4.1,3.7,258,26,11.2,10.4,11.1
98,155,6,30.2,14.4,22.4,62.9,14.6,33.8,2,32.39,0,34.7,18.1,24.7,31.8,21.2,25.5,2.3,1.6,259,45,7.4,8.4,9.5
98,156,6,34,13.2,24.4,62.6,11.5,29.2,2.5,32.36,0,31.9,15.2,23.6,28.4,18.9,23.8,1.5,.5,174,67,4.8,8.3,10.1
98,157,6,37.2,14.9,26.5,64.1,8,26.8,3,32.64,0,38.1,16.5,26.7,32.2,19.7,25.8,3,2.5,192,32,10,10.2,11.5
98,158,6,30.3,16.3,23.6,49.5,12.5,27.7,2.2,32.27,0,36.3,18.7,26.6,31,21.6,26.1,3.7,2.7,254,42,10.2,9.8,10.5
98,159,6,32.4,12.3,23.2,59.8,15.9,34.2,2.1,32.06,0,37.6,17.7,27.3,32.4,20.8,26.4,2.2,1.4,186,48,8.4,8.4,9.3
98,160,6,34.1,15.2,25.2,66.5,9.8,32.2,2.5,32.51,0,39.3,19,26.2,33.3,22.2,26.6,2.7,2.1,188,37,8.5,9.3,11
98,161,6,33.7,14.3,25,48.2,9.3,24.3,2.7,32.62,0,30.5,15.9,23.3,28,19.5,23.8,2.3,1.4,202,50,9.5,9.4,10.6
98,162,6,33.7,15.9,25.8,47.9,17.8,30.3,2.5,31.02,0,37.1,17.7,26.8,31.8,20.4,25.8,3,2.3,183,38,9.1,9.1,11.3
98,163,6,34.6,15.4,26.2,61,11.5,28.1,2.7,32.6,0,33.3,18,24,30.3,21.3,25,4.2,3.6,193,29,16.9,10.9,11.3
98,164,6,33.1,14.4,24.5,64.2,13,30,2.4,33.07,0,36.5,15.6,25.1,31.1,18.7,24.5,1.7,1.1,247,50,5.9,8.6,10.4
98,165,6,34.9,14.7,25.6,47.9,12.2,28.4,2.7,33.15,0,39.5,17.7,28,33.2,20.7,26.8,2,1.2,218,51,6.7,9,11
98,166,6,37.9,17.8,28.6,49.3,13,27.4,3.2,32.51,0,41.7,20.2,30.1,35,22.7,28.6,2.1,1.1,222,56,7.6,9.3,12.9
98,167,6,38.7,20.4,29.8,48.4,9.2,23.2,3.5,33.04,0,41.4,21.9,30.7,35.1,24.3,29.5,3.6,2.8,209,39,9.8,11.1,14.1
98,168,6,34.9,19.4,27.4,61.8,13,33.6,2.6,32.1,0,40.7,22.2,30.6,34.9,24.7,29.5,2.5,1.9,230,40,9,9.1,13.2
98,169,6,38.4,14.4,27.1,53.8,8.1,25.5,3.2,33.29,0,42.1,20.3,30.5,35.8,23.5,29.5,1.3,.4,212,66,6.9,8.9,11.4
98,170,6,40.4,17.5,29.4,43.8,10.5,22.9,3.6,32.87,0,43.4,21.3,31.6,36.7,24.2,30.2,1.7,.6,220,65,6.5,9.4,13
98,171,6,40.4,21,31.4,47.2,12.7,26.1,3.7,32.4,0,44.1,23.3,32.8,37.5,25.7,31.3,2.2,1.5,228,48,8.1,9.8,14.4
98,172,6,40,21.5,31.5,41.7,9.2,23.6,3.8,33.07,0,44.2,23.8,33.3,37.8,26.2,31.8,1.9,.6,197,69,5.6,9.6,14.7
98,173,6,39.2,18.9,30.3,42.9,9,19.4,3.8,32.86,0,43.7,23,32.5,37.3,25.9,31.4,2.1,1.1,215,56,5.9,9.8,13.5
98,174,6,40,20.1,30.2,46.4,4.6,18.9,3.9,32.83,0,44,23.1,32.5,37.2,26,31.3,2.2,1.2,246,53,7.4,10.1,14.1
98,175,6,39.9,20.6,30.5,32.4,3.8,13.4,4.1,33.58,0,44.2,23.7,32.6,37.6,26.2,31.5,2.1,1.2,262,54,8,10.3,14.3
98,176,6,41.2,16.6,29.6,47.2,6.6,19.9,3.9,33.06,0,36.6,22.1,28.2,33.4,25.3,29.1,1.6,1,259,51,7.3,9.6,12.8
98,177,6,41.1,19.4,30.8,45.4,8.7,21.5,3.9,33.21,0,38.3,18.5,27.9,33.5,22.2,27.7,1.7,.9,227,56,6.6,9.7,13.9
98,178,6,41.9,21.8,31.8,51.4,10.1,28.2,3.8,32.92,0,43.2,21.7,31.8,37,24.4,30.5,1.6,.7,188,61,6.1,9.3,14.9
98,179,6,43.6,19.7,32.3,51.9,6.9,23.6,4.3,33.48,0,44.2,22.9,32.8,37.9,25.8,31.6,1.6,.8,216,59,5.1,9.8,14.2
98,180,6,43.7,21.6,33.2,44.2,8.2,21.5,4.5,32.59,0,44.4,23.2,30.7,37.9,26.6,30.8,2.3,1.4,241,52,6.7,10.3,14.9
98,181,6,43.1,23.2,32.7,44.9,6.4,24.5,4.2,33,0,36,20.3,27.9,32.5,23.6,28,1.9,1.1,214,52,7.6,10,15.4
98,182,6,43.3,20.4,32.5,48.6,7.8,22.5,4.3,32.84,0,43.1,20.8,31.3,36.8,23.7,30.1,1.5,.5,222,65,5,9.5,14.5
98,183,6,43.1,21.8,32.7,50.5,7.7,24.9,4.2,32.33,0,42.8,23.6,30.1,36.2,26.1,30.3,1.8,.8,203,62,7,9.7,15
98,184,6,42.1,22.2,33,54.3,12.3,28.9,4,31.42,0,36,20.9,28.6,32.6,24,28.5,2,1.2,218,52,7,9.5,15.1
98,185,6,40.3,25,31.9,82.6,23.5,42.9,2.9,30.63,0,43.8,23.9,32.8,37.7,25.8,31.3,2.2,.9,201,62,11.6,8.6,16
98,186,6,34.5,24.4,28.7,100,46.6,73.7,1.2,22.89,1,39.6,26.2,31.1,34.7,27.7,30.7,3.2,2.8,151,29,8.9,5.9,15.3
98,187,6,37.3,25,30.2,91.4,35.4,63.6,1.8,26.86,0,43.5,26.7,33.4,37.6,28,32.2,2.7,1.6,176,52,9.8,7.2,15.9
98,188,6,38.9,23.2,28.8,95.4,32.3,69.3,1.5,23.97,4,44.3,25.4,32.2,38,28.5,31.8,2.1,.6,199,67,11.8,6.1,15.2
98,189,6,38.2,22.6,29.4,98.5,30.2,65.3,1.8,25.19,0,40.7,24.5,31.2,35.8,26.5,30.5,1.8,.7,94,63,8.8,6.3,14.9
98,190,6,40.8,23,32.5,89.9,22.3,51.1,2.8,30.56,0,45.4,25.6,34.9,39.4,27.7,33.2,1,.4,50,64,3.9,7.8,15.2
98,191,6,43.7,25.3,34.7,73.1,15.4,41.3,3.8,31.2,0,45.6,27.4,33.3,38.7,29.4,33.2,1.1,.4,254,66,4.5,8.6,16.2
98,192,6,45.1,25.1,35.6,74.8,14.6,36.8,4.2,30.78,0,39.5,25.2,32,35.8,27.6,31.7,1.3,.8,232,52,5,8.8,16.1
98,193,6,43.5,26,35.1,48,12.4,29,4.3,31.28,0,44.9,24.9,34.2,38.8,27.3,32.9,2.2,.9,216,62,5.7,9.6,16.4
98,194,6,41.8,27,34.9,66.6,22,39.3,3.6,30.29,0,45.9,28.1,36.1,40,29.9,34.6,1.8,1.1,236,52,6.7,8.7,16.6
98,195,6,43.7,26.5,35.5,56.7,13.7,29.9,4.4,30.81,0,46.8,28.1,36.3,40.4,30,34.9,1.8,1.4,235,37,5.5,9.3,16.5
98,196,6,46.6,21.7,34.8,64.7,7.8,29.9,4.6,31.66,0,39.8,26.3,32.2,36.2,29.3,32.7,1.2,.6,213,57,4.5,9.1,15.1
98,197,6,45.6,23.5,36,58.2,12.4,30.5,4.6,30.81,0,41.1,22.9,31.5,36.5,26,31.1,2,1.2,158,50,11.2,9.4,15.7
98,198,6,43.2,26.2,35.2,70.5,17.1,36,4,29.95,1,45.1,27.2,35.2,39.4,29,33.9,2.6,1.3,98,58,13.8,9.2,16.4
98,199,6,42.7,24.4,33.2,84.7,15.7,42.9,3.3,29.34,0,44.9,26.1,34.4,39.2,28.4,33.5,2.7,1.4,165,56,19.5,9,15.9
98,200,6,39.4,24.4,31.6,89.5,29.4,53.3,2.5,29.55,0,45,27.9,35.5,39.4,29.8,34.3,2.7,1.6,185,52,18.6,8.1,15.7
98,201,6,37.5,23.3,29.8,94,32.1,63.6,1.8,28.34,0,44.4,28,35,38.7,29.8,33.9,2.2,1.5,204,45,7.2,7.3,15.2
98,202,6,35.7,24.7,29.4,86.7,39.5,63.9,1.6,22.15,0,41.8,28.3,33.4,36.8,29.8,32.9,2.1,1.1,197,55,5.8,5.5,15.6
98,203,6,30.5,23.2,26.6,100,56.8,82.3,.7,17.86,2,34.8,26.8,29.7,32.2,28.8,30.4,3,2.6,164,28,8.7,3.9,14
98,204,6,35.8,24.1,28.6,99.4,40.4,73,1.2,21.75,0,41.5,26.1,31.6,36.1,27.4,30.8,1.4,.5,131,64,5.5,5.1,15.3
98,205,6,38,24.1,31,95.8,29.1,58.3,2.2,29.77,0,44.4,27.1,34.8,38.5,28.8,33.2,1.4,.9,188,51,5.2,7.7,15.5
98,206,6,40.8,23.5,32,89.8,17.1,52.7,2.7,30.33,0,45.8,26.9,35.4,39.4,29,34,1.1,.6,174,58,5.7,8,15.5
98,207,6,43.3,23.5,33,81.7,9.3,43.4,3.4,30.57,0,46,27.1,35.6,39.5,29.4,34.2,1.6,.8,180,56,6.1,8.6,15.6
98,208,6,43.5,21.8,33.4,72.7,14,38,3.6,30.26,0,46.3,26.7,35.7,39.7,29.2,34.3,1.5,.9,179,48,4,8.5,15
98,209,6,42.8,27,35.2,64.2,20.4,38.3,3.7,29.64,0,46.7,29,36.9,40.2,30.7,35.2,2.4,1,166,62,9.1,9,16.7
98,210,6,39.6,25.5,32.7,77,25.2,46.7,2.8,23.89,0,44.1,29,35,38.3,30.6,34,2,1.1,198,54,8.8,6.9,16.1
98,211,6,41.4,23.7,32.7,85.6,23.7,48.8,2.8,27.82,0,46.5,28,36,39.7,30,34.5,1.6,1.2,212,42,5.8,7.7,15.6
98,212,6,39.3,27.1,32.4,79.4,29.6,52.5,2.5,25.94,0,42.2,29.3,35.1,38.2,30.7,34.2,3.1,2.8,167,27,11.8,7.7,16.6
98,213,6,39,25.9,31.9,88.9,31.2,57.7,2.2,25.96,0,46.1,29.2,35.9,39.8,30.6,34.6,2.4,1.5,149,49,9.6,7.1,16.2
98,214,6,42.2,25.7,33.3,81.4,14.8,48.7,3,28.42,0,46.5,28.8,36.3,39.9,30.5,34.8,1.3,.6,192,60,6.3,7.8,16.2
98,215,6,43.5,24.1,33.2,79.5,9.8,44.8,3.3,28.61,0,44.3,25.8,32.5,38,29.7,33,1.6,1,179,51,5.5,8,15.8
98,216,6,42.5,24.8,33.9,74.4,14.8,40.3,3.5,29.64,0,38.5,23.7,30.2,34.6,26.6,30.5,1.6,1.1,186,45,5.4,8.4,15.9
98,217,6,41.4,28,34.2,63.1,21.9,40.7,3.4,28.31,0,43,24.2,32.6,37.8,26.8,31.8,2.2,1.7,156,40,10.6,8.3,16.9
98,218,6,40.6,24.7,32.8,81.1,22.2,46.4,3,28.87,0,44.5,27.1,34.8,39.2,29.1,33.8,1.8,.8,171,58,5.4,8,15.9
98,219,6,41.4,24.3,33,75.3,24.1,44.3,3.1,29.08,0,45.2,27.3,35.5,40,29.4,34.4,2.2,.7,206,66,16.5,8.4,15.8
98,220,6,40.2,23,32,81.9,22.6,48.5,2.8,28.11,0,44.2,27.4,35.2,39.3,29.6,34.3,2.1,.7,308,66,12,7.9,15.2
98,221,6,38,28.4,32.9,71.5,31.5,48,2.7,23.28,0,42.7,29.8,35,37.9,31,34.2,2.5,2.1,262,33,7.8,7,16.9
98,222,6,39.3,25.1,32.1,85.8,29.6,53.8,2.5,27.54,0,44.9,28.5,35.5,39.4,29.9,34.3,1.6,.7,200,61,6.7,7.5,16
98,223,6,40.7,25.8,32.7,79.6,26.6,50.5,2.7,28.14,0,43.8,26.2,32.6,38.2,29.1,33,2.5,1.7,227,46,13,8.3,16.3
98,224,6,38.1,23.7,30.4,92.9,29.3,57.9,2.1,22.89,0,37.2,25.3,29.4,33.1,27.2,29.8,1.6,.3,213,72,7.8,6.2,15.4
98,225,6,39.8,25.3,32.3,86.2,25.6,49.9,2.7,27.43,0,42.5,25.3,32.8,37.6,27.1,31.8,1.8,.5,163,69,12.8,7.5,16.1
98,226,6,38,21.9,29.1,93.4,24.1,59.9,1.9,24.39,0,41.5,25.8,32.6,36.9,27.9,32.1,2,1.2,172,50,11.7,6.2,14.6
98,227,6,40.1,23.8,31,83.8,25.2,55.8,2.3,28.09,0,44.2,26.6,34.3,38.8,28.4,33.2,2.2,.8,181,65,14.7,7.7,15.5
98,228,6,37.6,23.8,30,89.7,29.8,59.2,1.9,17.56,0,39.2,27.7,32.3,35.5,29.2,32,1.6,.5,182,65,6,4.4,15.4
98,229,6,38.7,22.8,30.2,96.7,25.9,57.2,2.2,24.88,2,44.1,27,33.3,38.2,28.5,32.5,2.1,1.4,164,47,12,6.7,15
98,230,6,37.5,21.2,29,100,31.9,66.6,1.7,27.13,0,42.6,24.5,32.5,37.4,27,31.8,1.1,.6,175,55,4.2,6.6,14.3
98,231,6,38.9,23.9,31.1,91.8,24.7,56.2,2.3,27.6,0,44.2,26.9,34.5,38.7,28.7,33.4,1.3,.6,195,61,5.8,7.1,15.5
98,232,6,41,24.5,32.6,85.1,23.5,49.7,2.8,27.05,0,45.2,27.9,35.2,39,29.5,33.9,1.6,.6,114,65,8.6,7.5,15.8
98,233,6,41.2,27.3,33.4,69.5,26.8,50.3,2.8,26.03,0,43.8,28.8,35.5,38.5,30.3,34.2,2.2,1.7,79,40,7.1,7.6,16.7
98,234,6,42.1,25.1,33.6,84.7,19.5,48.7,3,26.87,0,45.7,28.5,36,39.6,30.2,34.6,1.1,.5,165,58,5.2,7.3,16.1
98,235,6,42.5,26.3,34,77.2,19.7,47.1,3.1,24.82,0,46.1,29.1,36,39.4,30.5,34.6,2,1.5,220,42,7.8,7.4,16.5
98,236,6,37.8,26.4,31.7,81.9,29.2,53.6,2.3,25.39,0,43.6,29.4,35.3,38,30.7,34.2,2.5,1.7,234,47,11.8,7.3,16.4
98,237,6,37.5,23.3,29.9,100,31,66.3,1.7,26.33,0,44.1,27.1,34.5,38.2,29.3,33.5,1.4,1,224,44,4.3,6.5,15.1
98,238,6,39.1,23.8,31.5,95.2,28.3,59.4,2.2,25.09,0,45.6,27.9,35.2,38.7,29.6,33.8,1.3,1,202,39,4.2,6.5,15.5
98,239,6,42,23.9,33,86.8,21.6,50.4,2.9,25,0,45.5,28,35.5,38.9,29.8,34,1,.6,206,48,3.6,6.7,15.7
98,240,6,44.3,25.6,33,84.2,19.8,51.2,3,24.98,2,46.2,28.4,35.6,39.4,30.2,34.3,2.5,1.6,133,48,18,7.4,16.3
98,241,6,39.4,23,30.9,100,23.5,61.8,2.1,26.56,0,42.5,26.2,33.2,37.3,28.6,32.7,1.8,1.4,80,38,9.2,7.3,15.2
98,242,6,41.9,23.2,32.5,83,18.7,46.8,3.1,26.52,0,45.2,26.2,34.8,38.5,28.5,33.3,1,.4,235,64,4.5,7.2,15.5
98,243,6,42.6,24.2,32.4,85.4,15.1,44.2,3.1,25.72,0,38,26.7,31.7,35.1,29.1,32,1.3,.5,55,63,6.1,7.3,15.8
98,244,6,40.3,25.9,33.2,73.7,17.9,37.8,3.4,25.5,0,36.7,23.5,29,32.8,26.2,29.3,2.3,1.6,343,45,11.7,7.8,16.2
98,245,6,39,23.1,30.6,80.3,21.6,47.2,2.5,22.75,0,38.6,23.9,28.7,33.8,26.2,29.2,2,1.3,66,47,14,6.7,15.2
98,246,6,35.2,25.3,29.6,83.1,31,54.8,2,13.72,0,30.4,24.4,26.5,29,26.1,27.3,2.8,1.9,98,46,9.3,4.4,15.8
98,247,6,29.3,22.2,25.6,100,63.3,89.9,.4,14.22,2,32.6,24.3,27.2,29.9,25.6,27.4,1.6,.7,92,61,6.4,2.7,13
98,248,6,34.8,21.2,27,100,41.4,78.6,1,24.99,0,36.5,23.4,28.9,32.4,25.3,28.5,1.7,1.1,74,47,9.6,6,14
98,249,6,37.5,22.8,27.3,98.7,31.3,75.5,1.1,18.34,5,35.1,24.5,27.6,31.2,26,27.8,2.4,.8,40,67,13.8,4.6,14.9
98,250,6,39.2,22.7,30.5,99.6,25,60.7,2.1,25.07,0,39.5,24.1,30.4,34,25.5,29.3,1.9,.3,222,74,11.7,6.6,15.1
98,251,6,37.5,23.5,30.6,90.4,24.6,50.3,2.4,23.11,1,40.6,24.6,30.8,34.6,26.4,30.1,1.9,1.1,137,52,13.4,6.5,15.2
98,252,6,38.3,21.8,28.7,99.2,25.5,63,1.8,24.07,0,41.4,24.7,31.4,35.5,26.5,30.5,2.2,1.2,176,55,14.6,6.3,14.7
98,253,6,37.2,20.7,28.4,100,34.7,72.3,1.4,20.78,0,40.8,24.5,30.8,34.5,26.4,30.1,.5,.2,227,66,3.5,4.7,14.1
98,254,6,35.5,23.6,29.1,94.4,36.6,65.4,1.5,18.94,0,37.3,27,31,33.3,28,30.4,2.1,1.6,352,38,8.5,5.1,15.1
98,255,6,38.9,21.8,30,96.8,29.9,62.2,2,23.98,0,42.5,25.1,32.6,36.3,26.9,31.2,.7,.3,252,60,3.4,5.9,14.7
98,256,6,39.5,21.9,30.5,89.8,25.4,55.3,2.3,24.44,0,43.2,25.7,33.2,36.9,27.6,32,.9,.7,205,43,3.3,6.2,14.8
98,257,6,39.7,21.3,30.2,83,20.4,49.1,2.6,24.35,0,43.2,25.3,33,36.8,27.5,31.9,1.1,.6,200,52,4,6.4,14.5
98,258,6,41.9,19.6,30.1,89.1,15.9,48.9,2.7,24.03,0,43.1,24.7,32.8,36.6,27.1,31.6,1,.5,173,60,4,6.3,14.1
98,259,6,39.3,24,31.4,67.3,21.6,42.2,2.8,22.65,0,42.1,26.8,32.6,35.5,28.4,31.6,2.5,2.2,66,31,11.8,7,15.5
98,260,6,40.6,21.8,30.3,77.9,16.8,45,2.8,23.94,0,43,24.9,32.6,36.4,27.1,31.4,1,.3,153,69,4,6.3,14.8
98,261,6,40.4,19.6,29.5,80.1,17.3,45.9,2.7,23.83,0,36.7,24.4,29.5,33.2,26.8,29.8,.9,.5,214,56,2.9,6.1,13.9
98,262,6,40.3,18.9,29.3,78.3,8.7,42.3,2.8,23.88,0,35.5,21,27.3,31.8,24.1,27.7,1.2,.9,195,41,4.8,6.3,13.6
98,263,6,36.7,18.8,27.4,73.4,16.7,40.9,2.4,23.85,0,35.6,19.9,26.4,31.1,23,26.7,2.8,2.4,194,27,8.6,7.4,13.2
98,264,6,35.8,16.3,25.8,79,18.6,43.9,2.2,23.66,0,37.4,19.2,27.2,32,22.2,26.8,1.6,1.1,200,44,6.8,6.3,11.9
98,265,6,34.3,19.4,26.6,95.3,24.8,56.8,1.7,22.31,1,37.6,22.3,28.8,32.4,24.5,28.1,1.7,.9,269,57,7.3,5.7,13.1
98,266,6,34.8,18.1,26.3,86.6,26.2,54.9,1.8,23.29,0,38.6,22,29.2,33.3,24.3,28.4,1.5,.9,213,51,5.1,5.8,12.5
98,267,6,34.8,17.1,24.9,76.9,19.2,48.7,1.9,23.36,0,38.3,21.3,28.6,32.9,23.9,28.1,1.5,.9,199,53,5.6,5.8,12.1
98,268,6,32.1,15.4,23.5,87.2,26.4,54.2,1.6,23.43,0,37.5,20.5,27.9,32.1,23.4,27.5,1.3,.8,178,51,5.5,5.5,10.6
98,269,6,33.8,16.9,24.2,81.5,15.5,48.8,1.8,23.57,0,36.2,20.7,27.4,31.4,23.3,27,2.4,1.9,178,35,7.8,6.4,11.8
98,270,6,35.2,14.2,24.3,83.2,17.1,47.8,2,23.1,0,37.6,20.1,27.7,31.9,22.7,27,.9,.2,158,70,6.3,5.5,10.8
98,271,6,36.5,16.6,25.4,77.2,15.6,43.7,2.2,19.01,0,36.9,21.6,27.6,31.4,23.6,27.1,1.2,.6,231,55,4.1,4.8,12.1
98,272,6,35.9,17.9,26.2,69.8,15.8,37.8,2.4,22.06,0,36.8,21.8,27.8,31.4,23.7,27.2,2.5,2.1,197,33,9.6,6.9,12.6
98,273,6,33.6,12.6,22.7,71.8,12.4,39.7,2,22.96,0,36.8,19,26.6,30.8,22.1,26.2,1.5,1,208,49,7,5.9,9.7
98,274,6,31.4,13.3,21.7,70.6,18.6,45.7,1.7,22.12,0,36.4,18.8,26.1,30.4,21.7,25.7,1.5,.9,203,50,5.2,5.4,9.4
98,275,6,33.5,12.7,22.7,70.9,17.4,41.8,1.9,22.13,0,36.6,18.6,26.4,30.6,21.5,25.7,1,.6,168,52,4,5.3,9.8
98,276,6,33.9,17,24.9,66.8,26.1,42.4,2,21.38,0,35.2,19.6,26.3,29.9,22.1,25.7,3.6,3.2,180,27,9.9,6.9,11.9
98,277,6,31.4,14.1,22.7,77.4,19.6,44,1.7,21.41,0,36.2,19.2,26,30,21.7,25.5,2.1,1.1,251,55,7.8,5.8,9.8
98,278,6,28.2,12.5,20.2,63.8,8.7,27.3,1.9,22.16,0,33.6,17.5,23.9,28.2,20.6,24.1,1.9,1.1,355,51,9,6,7.6
98,279,6,32.8,6.7,20.4,74.8,8.2,31.6,2,22.18,0,34.5,15,23.5,28.4,18.7,23.2,1.1,.7,18,48,6.6,5.6,7.9
98,280,6,36.4,9,22.3,77.5,10.4,38.4,2.2,20.68,0,35.4,16.1,24.5,29,19.2,23.8,1,.3,67,68,6.2,5.2,9.2
98,281,6,36.8,12,23.6,74.8,11.9,38.9,2.2,20.35,0,31.7,17.7,23.7,28.1,20.5,24.1,.7,.2,205,71,3.4,5,10.1
98,282,6,34.8,11.4,22,64.4,11,35.8,2.1,21.13,0,30.1,14.6,21.3,26.2,18.2,22,1,.4,179,64,3.1,5.1,9.5
98,283,6,33.5,10,21.1,67.8,9.5,35.7,2,20.95,0,29.1,13.4,20.3,25.2,17,21,1,.2,158,71,4.2,5,8.8
98,284,6,34.2,8.5,20,78.8,10.2,41.4,1.8,18.49,0,30,13.2,20.4,25,16.7,20.7,.8,.2,7,68,4,4.3,8.6
98,285,6,36.5,8.6,22.3,76.7,10.3,38.4,2.2,19.62,0,32.8,14.3,22.4,26.9,17.3,21.9,1.1,.2,291,75,3.4,4.9,9.1
98,286,6,36.1,13.2,23.7,65.6,11.8,35.6,2.3,19.19,0,34.1,17,24,28.2,19.3,23.4,1.4,.8,206,51,4.6,5.1,10.4
98,287,6,33.9,13.5,22.3,59.8,13,36.1,2,20.09,0,33.5,16.4,23.6,28,19,23.2,1.3,.9,175,45,4,5,10.2
98,288,6,27.7,11.3,20,66.8,21.3,39.6,1.5,19.2,0,31.1,16.1,22.4,26.5,18.9,22.4,2.8,1.9,236,45,8.2,5.4,6.9
98,289,6,25.2,11,18,67.3,10.9,37.6,1.4,18.82,0,28.8,15.4,21,25,18.1,21.3,3.1,1.6,258,57,9.2,5.4,5.6
98,290,6,25.7,4.3,15.2,71.2,14.3,36.3,1.3,19.97,0,28.6,12.4,19.6,24.1,16,19.9,1.6,1,343,49,6.6,4.8,4.7
98,291,6,31.7,5.5,17.6,76,12.4,41,1.6,19.4,0,30.9,12.8,20.6,25.4,15.8,20.3,1.1,.3,170,67,4.3,4.5,7.3
98,292,6,32.4,7.7,18.6,67.8,12,36.1,1.7,19.07,0,31.5,13.8,21.3,25.9,16.7,20.9,1.3,.7,202,55,4.8,4.5,7.9
98,293,6,32,6.2,19,75.2,12.9,38.8,1.7,18.83,0,28.2,13.6,20.6,24.5,16.6,20.8,.8,.3,184,66,3.6,4.3,7.6
98,294,6,28,14.7,21.9,65,37.7,51.2,1.3,12.15,0,27,15.7,19.8,23.8,17.7,20.3,3.6,2.9,75,34,10.1,3.8,8.6
98,295,6,28.5,18.9,23,67.1,39,54.9,1.3,13.53,0,24.2,16.4,19.2,22,18.2,19.7,4.1,3.9,75,15,9.2,4.2,10.9
98,296,6,29.8,15,21.8,85.5,38,61.8,1.1,14.07,0,25.8,16,19.9,23,17.7,20.1,1.8,1.2,46,45,6.9,3.2,9.6
98,297,6,31,12.7,21.3,93.9,28.7,61.5,1.2,15.39,0,29.4,15.4,21,24.9,17.5,20.8,.8,.3,179,66,3.6,3.2,9
98,298,6,30.8,16.4,22.2,99.4,31.4,61.3,1.1,12.71,0,28.9,17.6,21.6,24.9,19.2,21.4,3.5,1.6,214,60,10.3,3.8,10.7
98,299,6,23.7,10.1,17.9,100,31.3,71.4,.7,17.88,7,25.3,14.6,19.5,22.7,17.6,20.2,1.7,1,285,51,6.6,3.7,4.6
98,300,6,25.2,7.9,15.5,99,25.5,65.6,.8,17.56,0,25.8,12.2,17.8,22.4,15.1,18.4,1.2,.4,196,64,5.5,3.4,4.9
98,301,6,26.8,6.1,15.4,99,20.2,61.4,.9,17.97,0,27.6,11.2,18.1,23,14.3,18.3,.7,0,175,79,3.7,3.4,5.4
98,302,6,27.9,6,16.5,91.4,19.2,54.3,1.1,17.73,0,27.6,11.4,18.2,24.4,14.4,18.6,1,.2,286,73,4.9,3.7,5.8
98,303,6,22.8,10,16.4,100,46.2,80.9,.4,11.77,0,22.6,13.6,17.6,20.4,16.3,18.4,2,1,256,57,10.1,2,4.1
98,304,6,22.2,6.6,14.1,100,35.4,76,.5,16.85,0,24.4,11.2,16.6,20.9,14,17.1,1.1,.6,234,57,5.4,3,3.3
98,305,6,25.1,6.6,14.9,95.2,32,65.1,.8,16.9,0,25.4,10.8,17,21.3,13.6,17.2,.8,.1,181,77,4.4,3.1,4.7
98,306,6,26,5.9,15.1,94.2,21.6,60.7,.9,17,0,26,10.7,17.2,21.9,13.5,17.4,.9,.2,238,73,4,3.3,5
98,307,6,25.5,4.7,14.3,89.9,22.6,54.8,1,16.69,0,25.8,10.6,17,21.8,13.5,17.3,1.4,.5,232,65,5.2,3.5,4.5
98,308,6,25.3,3.2,13.9,88.3,18.7,51,1,16.73,0,25.8,10.1,16.8,21.7,13,17,1,.4,200,66,3,3.3,4.3
98,309,6,26.4,3.8,13.9,86.6,18.4,50.9,1.1,16.62,0,25.4,10,16.6,21.1,13,16.8,1,.2,259,71,4.8,3.3,4.8
98,310,6,25.4,3.3,14.6,83.8,20,46.1,1.1,16.41,0,25.2,10.1,16.6,21,13.1,16.8,1.5,.8,268,55,7.8,3.7,4.3
98,311,6,24.5,7.8,15.3,100,29.2,64.4,.8,15.54,0,25.2,11.7,17.3,21.2,14.1,17.3,1.2,.7,162,53,5.2,2.9,4.6
98,312,6,26.1,7.3,17.9,85.3,23,50.2,1.2,14.49,0,25.9,12.2,18.2,21.3,14.5,17.8,2.5,1.6,220,48,7.8,3.8,5.2
98,313,6,19.7,6.9,15.7,72.1,22.1,43.8,1,16.03,0,20,9.1,15.6,18.8,12.8,17.1,4.1,3.6,267,28,12.3,4.7,2.3
98,314,6,19.1,.9,9.4,87.4,18.8,48,.7,16.16,0,18.2,6,11.4,16.3,9.8,12.9,1.1,.5,25,60,6.6,3,1.7
98,315,6,15.8,-.2,8.3,85.3,29.7,54.6,.6,6.77,0,14.6,5.7,9.8,13.2,9.1,11.4,1,.2,274,72,5.2,1,.6
98,316,6,18.8,4.6,11.6,80.2,31.8,56.3,.7,13.63,0,18.1,7.8,11.8,15.8,10.3,12.5,1.5,.3,307,72,5.1,2.6,1.8
98,317,6,24.2,3.1,12.6,88.8,31.3,60.8,.8,14.76,0,20.9,7.2,13.6,17.6,9.6,13.7,1.1,.3,226,70,4.8,2.8,3.8
98,318,6,25.2,4,13.5,89.7,24.6,59.2,.8,14.75,0,20.8,8.1,13.5,17.5,10.6,13.8,1,.2,224,73,4.2,2.8,4.4
98,319,6,28.6,4.1,15,87.2,21.4,52.5,1.1,14.74,0,21.2,8,13.8,17.9,10.6,14.1,.9,.2,205,70,3.6,2.9,5.9
98,320,6,29.3,4.2,14.7,85.7,21,52.6,1.1,14.82,0,21.2,8.2,13.8,18,10.8,14.2,.9,.1,232,75,3.3,3,6.2
98,321,6,27.6,3.1,14.7,84.9,17.4,47.2,1.2,13.37,0,22.9,7.9,13.8,18.8,10.6,14.4,1.2,.3,237,70,4.6,2.9,5.2
98,322,6,25.8,2.2,13.2,85.7,20.2,50.1,1,14.42,0,20.6,7.3,12.8,17.3,10.1,13.4,1.2,.4,258,67,5.6,3,4.4
98,323,6,22.1,1.6,11.8,88.2,23.2,51.4,.8,11.4,0,18.3,6.6,11.6,15.4,9.6,12.5,1,.2,251,72,4,2.1,2.9
98,324,6,23.5,4.9,12.5,75.4,13.2,41.5,1,13.82,0,18.7,7.9,12,16.2,9.9,12.6,1.4,.5,347,65,5.3,3.1,3.7
98,325,6,24.5,.3,11.4,73,18,43,1,14.07,0,18.5,5.5,11.2,15.5,8.4,11.8,1.1,.2,279,74,4.1,2.9,3.6
98,326,6,26.4,.5,11.7,79.6,17,49.5,1,13.11,0,18.8,5.7,11.4,15.7,8.4,11.8,.7,.2,190,71,3,2.4,4.5
98,327,6,27,.8,12.8,77.3,15.7,43.7,1.1,14.02,0,19.3,5.3,11.6,15.8,8.2,11.8,1,.2,248,74,3.7,2.9,4.7
98,328,6,26.6,4.5,13.3,70.8,15.1,41.8,1.1,13.17,0,21.9,7.1,12.9,18.4,9.4,13.1,1.1,.2,200,74,3.7,2.7,5.1
98,329,6,26.2,1.8,12.6,77.5,16.7,45.8,1,13.47,0,19.3,6.6,12,16,9.2,12.4,1.1,.1,285,79,3.7,2.8,4.5
98,330,6,27.8,1.9,13,81.5,14.9,44.8,1.1,12.24,0,19.3,6.4,11.9,15.9,8.9,12.2,.8,.3,176,65,3,2.4,5.2
98,331,6,26.7,3.3,14.1,76.6,18.8,44.2,1.1,10.1,0,18.6,6.7,12,15.3,9,12.2,1,.1,237,78,3.5,2.1,5
98,332,6,18.5,11.8,15.7,100,29.4,63.3,.7,1.15,0,13.8,11.1,12.4,13.5,12,12.8,2.9,2,161,46,10.6,.8,2.5
98,333,6,18.1,4.4,11.4,100,50,86.2,.3,10.6,0,18.6,8.8,12.6,15.6,11.2,13,1.3,.3,220,69,5.4,1.4,1.5
98,334,6,22.7,1.2,10.3,100,34.6,76.5,.5,13.45,0,19,5.9,11.6,15.7,8.5,11.9,.8,.2,86,73,4.2,2,3
98,335,6,24.5,2.8,12.9,97.8,30.4,64.1,.7,13.25,0,20.9,6.8,13.6,17.4,9.1,13.3,.9,.4,224,64,3.6,2.4,3.9
98,336,6,16.2,7,10.8,100,63.1,85.5,.2,6.41,5,15.6,8.8,11.7,13.9,10.6,12.3,1.6,.1,256,78,6.8,.6,.9
98,337,6,18.6,2.6,9.9,100,55.1,92.5,.2,13,0,19,7.2,12.2,15.9,9.4,12.4,.8,.2,39,73,3.5,1.7,1.5
98,338,6,19.8,2.4,10.1,100,45.5,86.4,.3,11.86,0,19,6.7,11.6,15.4,8.9,12,1,.3,183,69,3.6,1.6,2
98,339,6,15.9,2.7,9.7,96.8,28.7,67.6,.4,8.77,0,14.5,6.1,10.1,13.1,9.1,11.1,2.3,1.7,237,43,9.5,1.6,.7
98,340,6,9.7,0,3.8,100,55.2,91.2,.1,5.43,1,9.1,3.6,5.9,9.2,6.5,7.8,2.9,1.2,170,63,11.5,.2,0
98,341,6,10.4,-3,2.5,100,47.5,91.7,.1,11.19,0,13.4,2.5,6.5,11,5,7.4,1.1,.5,321,63,4.7,1.1,0
98,342,6,15.2,-.6,6.3,90.7,26.1,57.7,.5,12.78,0,18.4,1.9,8.2,13.9,4.5,8.7,1.7,1.2,348,41,4.9,2.1,.4
98,343,6,13.7,-2.9,5.7,97.1,32.1,62.8,.4,13.24,0,13.4,2.3,7.1,11.1,5,7.9,1.5,.4,314,68,5.8,2.1,.1
98,344,6,18,.2,8.8,80.3,25.9,49.9,.7,12.93,0,13.8,2.6,7.2,11.1,4.9,7.8,1.9,1.4,2,41,7.6,2.6,1.3
98,345,6,17.4,-2.3,6.5,95.6,24.9,61.3,.5,13.31,0,14.8,2,7.4,11.7,4.6,7.8,.8,.3,352,67,3.9,2.1,.9
98,346,6,19.7,-2.4,7.4,91.4,20.9,56.9,.6,13.01,0,15.4,2,7.7,12,4.6,8,.9,0,208,79,4,2.1,1.7
98,347,6,24.2,-1,11.2,88.5,13.9,47,1,13.29,0,16.4,2.7,8.8,12.7,5.1,8.8,2,1.2,66,51,7.8,3.3,3.4
98,348,6,25.4,1.2,12.2,77.1,17.3,44.6,1,12.47,0,17.6,3.8,9.8,13.6,6.1,9.7,1.4,.9,150,47,6.5,2.8,4.1
98,349,6,21.5,5.8,13.6,100,31.3,64,.6,8.92,1,17.1,7.3,11,13.9,8.9,11,2.2,.5,224,71,8.8,1.9,3
98,350,6,26.7,3.7,14.2,100,20.4,60.3,1,12.77,0,19.4,6.2,11.8,16.8,8,11.7,2.3,1.8,26,36,9,3.4,5
98,351,6,25.2,6.3,15.7,89.8,22.2,52.1,1,8.07,0,16.4,7.6,11.6,13.5,9.3,11.7,2.1,.6,133,70,9.8,2.2,4.7
98,352,6,20.2,6.5,12.6,100,39.5,73.3,.5,12.65,0,18,7.7,11.9,15.1,9.5,12,1.7,1.2,150,44,5.3,2,2.5
98,353,6,22.4,4.5,12.2,94.5,29,64.2,.7,8.530001,0,16.8,6.6,10.4,13.8,8.5,10.9,1.3,.5,228,63,9,1.5,3.2
98,354,6,20.2,6.9,13.4,96.2,41.7,69.1,.6,11.4,0,16.6,7,11,14.1,8.6,11.1,2.9,2.5,188,31,8.6,2.2,2.5
98,355,6,14.4,.6,9.1,81.8,21.4,44.4,.7,12.97,0,19.2,5.5,10.8,16.1,8.5,11.6,2,1.3,286,47,9.7,2.6,.2
98,356,6,13.7,-2.5,5,77,22.8,47.3,.5,13.03,0,13.6,2.4,6.9,11.3,5.4,8,1.4,.6,224,62,3.8,2.1,.1
98,357,6,12.1,-2.7,3.5,81,19.1,48.7,.5,12.92,0,12.5,1.5,5.4,10,4.2,6.6,1.3,.6,200,62,3.6,1.9,0
98,358,6,16.1,-4.7,4.1,73.1,18.2,47.9,.5,13.35,0,12.4,.8,5.3,9.5,3.5,6,1.4,.5,215,65,4.1,2.2,.6
98,359,6,18.1,-4.2,5.8,73.8,14.5,45.9,.6,13.25,0,13.7,1.1,6.3,10.5,3.6,6.7,1.1,.6,177,52,4.1,2.1,1.1
98,360,6,19.1,-1.9,7.6,75.7,19.2,44.8,.7,11.62,0,14.7,2.2,7.5,11.1,4.4,7.6,.7,.3,208,61,2.8,1.9,1.5
98,361,6,20.5,-.1,8.8,81.9,20.4,48.2,.7,12.81,0,15.3,3.4,8.3,11.9,5.4,8.4,1.1,.4,173,64,5.4,2.3,2
98,362,6,22,-1,8.6,80.7,20.5,51.4,.7,12.94,0,15.8,3.1,8.5,12.2,5.4,8.6,.7,.2,172,71,3.2,2.1,2.6
98,363,6,21.4,-.7,9.5,79.5,22.6,51.4,.7,11.84,0,16,3.7,9,12.4,5.8,9,.8,.2,223,71,2.8,2,2.4
98,364,6,23.5,2.4,11.8,85.2,21.2,49.6,.9,12.76,0,17.3,5.3,10.2,13.5,7.1,10,1.2,.7,184,54,3.5,2.4,3.5
98,365,6,24.6,3,11.8,84.4,20.8,52.4,.8,11.94,0,16.8,5.7,10.5,13.6,7.5,10.3,.9,.2,152,70,3.7,2.2,4
